#	Leaf optical properties from FREEDLES data	
#	"Hovi, A., Schraik, D., Hanu, J., Luke, P., et al. (2024) A spectral-structural characterization of European temperate, hemiboreal and boreal forests: Laboratory and field data. [Online]. Available from: doi:10.23729/9a8d90cd-73e2-438d-9230-94e10e61adc9."	
#	Pinus sylvestris	
#	"Hyytiðlð, Finland, midsummer, average of all measurements"	
#wl(nm)	reflectance	transmittance
350	0.198448004	0.131303045
351	0.200761034	0.125359198
352	0.185554041	0.116458466
353	0.16917766	0.106550407
354	0.163048598	0.09715274
355	0.150640117	0.08738827
356	0.13998669	0.080567947
357	0.133278444	0.072828614
358	0.128853988	0.062340192
359	0.121731759	0.053194175
360	0.115279368	0.047099418
361	0.11051714	0.043376289
362	0.107436939	0.040767271
363	0.105818923	0.038327098
364	0.102546661	0.035669668
365	0.099374281	0.032622182
366	0.098275637	0.029484699
367	0.095375027	0.027960089
368	0.093253406	0.026712037
369	0.092261817	0.025540652
370	0.091483009	0.024785758
371	0.091125879	0.02350929
372	0.090321702	0.022611714
373	0.089149692	0.021998482
374	0.088438522	0.020803999
375	0.088140992	0.020433573
376	0.087739445	0.020304523
377	0.087116484	0.019852983
378	0.086717926	0.018904176
379	0.086226094	0.018587785
380	0.08591829	0.018359167
381	0.085917896	0.01781078
382	0.085848657	0.017536626
383	0.085378236	0.017257595
384	0.085019645	0.01701456
385	0.085125013	0.016877825
386	0.084638316	0.016735916
387	0.084344096	0.016591624
388	0.084277262	0.01641665
389	0.08414819	0.016203323
390	0.083994244	0.016126347
391	0.084070164	0.015986646
392	0.084169378	0.015763355
393	0.083831151	0.015578896
394	0.083649901	0.015458221
395	0.083515766	0.015455403
396	0.083428645	0.015515122
397	0.083611331	0.015475958
398	0.083463031	0.015434894
399	0.083426712	0.015370776
400	0.083691413	0.015252021
401	0.083636415	0.015054761
402	0.083560682	0.015084528
403	0.083592125	0.015189801
404	0.083754627	0.015174229
405	0.083896911	0.015122472
406	0.084096656	0.015083585
407	0.084353621	0.015149852
408	0.084619383	0.015358326
409	0.084853017	0.015423736
410	0.085005943	0.015503434
411	0.08518148	0.015679199
412	0.085556388	0.015928279
413	0.086026275	0.016002353
414	0.086459129	0.016147893
415	0.086834003	0.016464309
416	0.087268474	0.016796468
417	0.087724998	0.01703657
418	0.088121253	0.017242297
419	0.088478219	0.017487032
420	0.089043024	0.017778544
421	0.08952934	0.018187498
422	0.089919453	0.01860412
423	0.090290674	0.018921767
424	0.090706725	0.019277417
425	0.091146696	0.019601352
426	0.091573694	0.019897125
427	0.091953949	0.020206648
428	0.092313261	0.020511303
429	0.092663502	0.020774374
430	0.092978157	0.021032022
431	0.093203245	0.021382984
432	0.093528818	0.021647895
433	0.093812957	0.021949353
434	0.093983599	0.022321014
435	0.094205214	0.022527524
436	0.094366954	0.022752866
437	0.094537393	0.022951003
438	0.09477304	0.023076255
439	0.094894239	0.023318346
440	0.095041472	0.023553113
441	0.095198308	0.023751738
442	0.095284183	0.023944645
443	0.095436418	0.024150021
444	0.095588548	0.024364076
445	0.095726191	0.024571202
446	0.095903439	0.024749488
447	0.096065833	0.024991479
448	0.09618604	0.025196253
449	0.096279311	0.025329941
450	0.096431876	0.025574255
451	0.096581116	0.025793214
452	0.096724746	0.025960986
453	0.09686451	0.026099382
454	0.096924805	0.026266542
455	0.096979613	0.026413633
456	0.097038818	0.02652985
457	0.097069265	0.026635435
458	0.097086076	0.026759914
459	0.097065745	0.026864801
460	0.097018681	0.026938443
461	0.097006481	0.027016639
462	0.096933133	0.027067835
463	0.096854935	0.027123767
464	0.096817699	0.027200935
465	0.096740614	0.027236292
466	0.096668364	0.027244382
467	0.096597783	0.027271211
468	0.096509289	0.027356457
469	0.096414075	0.027416288
470	0.096323217	0.027459162
471	0.096235799	0.027496781
472	0.096140504	0.027538091
473	0.096054211	0.027594954
474	0.095959816	0.027663771
475	0.095864983	0.027732735
476	0.095844602	0.027776688
477	0.095760141	0.027853803
478	0.095647189	0.027933947
479	0.095579103	0.027976776
480	0.095509175	0.028031266
481	0.095445812	0.028109693
482	0.095390868	0.028186055
483	0.09534221	0.028221554
484	0.095328755	0.028343259
485	0.095328107	0.028477526
486	0.09533251	0.028586752
487	0.095368198	0.028732415
488	0.095454522	0.028887718
489	0.095582157	0.029063986
490	0.0957408	0.029278478
491	0.095947298	0.029532167
492	0.09620451	0.029835196
493	0.096513181	0.030183924
494	0.096872928	0.030565023
495	0.097284271	0.030958328
496	0.097774969	0.031396228
497	0.09834411	0.03190468
498	0.098950999	0.032492409
499	0.09965907	0.033131466
500	0.10048631	0.03386054
501	0.101435819	0.034697764
502	0.102505711	0.035550593
503	0.103656905	0.036520299
504	0.104915063	0.037615027
505	0.106332782	0.038797287
506	0.107882387	0.040047885
507	0.109565966	0.041422018
508	0.111392933	0.042946111
509	0.113371243	0.044601818
510	0.115532205	0.046355135
511	0.117828026	0.048237467
512	0.120233678	0.050266715
513	0.122835344	0.052387607
514	0.125587868	0.054677731
515	0.128478563	0.057104387
516	0.13150932	0.059600234
517	0.134676636	0.062201218
518	0.137909867	0.064906329
519	0.141189921	0.067693519
520	0.144543946	0.070512992
521	0.147861646	0.073287298
522	0.151145105	0.076055809
523	0.154384414	0.078823826
524	0.157506922	0.081465135
525	0.16050558	0.08401978
526	0.16333696	0.086477483
527	0.165959957	0.088803252
528	0.168437002	0.09094694
529	0.17070641	0.092926509
530	0.172761558	0.094765416
531	0.174654731	0.096482663
532	0.176339488	0.098041926
533	0.177860403	0.099461321
534	0.179238515	0.100754034
535	0.180400879	0.101898704
536	0.181425657	0.102914035
537	0.182329408	0.103829536
538	0.183104069	0.104667174
539	0.183780076	0.105386121
540	0.184380144	0.106032409
541	0.184923391	0.106643416
542	0.18542268	0.107237498
543	0.185914874	0.107822292
544	0.186402421	0.108391401
545	0.186878631	0.10893773
546	0.187331137	0.109458445
547	0.187818844	0.109985444
548	0.1882982	0.110519062
549	0.18868986	0.111037872
550	0.189028056	0.111501078
551	0.189270214	0.111864871
552	0.189382944	0.112119291
553	0.18935005	0.112290548
554	0.189141395	0.112307742
555	0.188728421	0.112157959
556	0.188101269	0.111844286
557	0.187296352	0.111370008
558	0.186300665	0.110753523
559	0.185157451	0.110012836
560	0.183930266	0.109166636
561	0.182601387	0.108234675
562	0.181177043	0.107239698
563	0.179659643	0.106178115
564	0.178057256	0.105020905
565	0.176316437	0.103751199
566	0.174462718	0.102384976
567	0.172520634	0.100938388
568	0.170438165	0.099397504
569	0.168290976	0.09780139
570	0.166117797	0.096165478
571	0.163926606	0.094492968
572	0.161754929	0.092862849
573	0.159638178	0.091274095
574	0.1576051	0.089735638
575	0.155674967	0.088288179
576	0.153822774	0.086906102
577	0.152071049	0.085599136
578	0.150437507	0.084375733
579	0.148874045	0.083202596
580	0.147392781	0.08211037
581	0.145996615	0.081090502
582	0.144677141	0.080108154
583	0.14343543	0.079202914
584	0.142255356	0.078352875
585	0.141130725	0.07754961
586	0.140076956	0.076825092
587	0.13908649	0.076150065
588	0.138163403	0.075519669
589	0.137306917	0.074935048
590	0.136520078	0.07440836
591	0.135796996	0.073941617
592	0.13514092	0.073533283
593	0.134559065	0.073177648
594	0.134030115	0.072880346
595	0.133554657	0.072623479
596	0.133126475	0.072386794
597	0.132713856	0.072151994
598	0.13228991	0.071922746
599	0.131840149	0.071675345
600	0.131355715	0.071382449
601	0.13083489	0.071074982
602	0.130256811	0.070702517
603	0.12959095	0.070251913
604	0.128806472	0.069757687
605	0.127964998	0.069182504
606	0.127051494	0.068545079
607	0.126048745	0.067862939
608	0.124983017	0.067118412
609	0.123858741	0.066317227
610	0.122702121	0.065490338
611	0.121543747	0.064673223
612	0.120364432	0.063827148
613	0.119197845	0.062987727
614	0.11806491	0.062174102
615	0.116965746	0.061375613
616	0.115912816	0.060612427
617	0.114920805	0.059903858
618	0.114004846	0.059264464
619	0.113176702	0.058695135
620	0.112420046	0.058178253
621	0.111737885	0.057721676
622	0.111146469	0.057346323
623	0.110631049	0.057011588
624	0.110205013	0.056749555
625	0.109865572	0.056569689
626	0.109573431	0.056426884
627	0.109331708	0.056344232
628	0.109133346	0.056313005
629	0.10896871	0.056310013
630	0.108840204	0.056301659
631	0.108688865	0.056290716
632	0.108480163	0.056247886
633	0.108199908	0.056120445
634	0.107817035	0.055914007
635	0.107306947	0.055611596
636	0.106653284	0.05519396
637	0.105854846	0.054644247
638	0.104934695	0.053972305
639	0.103904124	0.053195207
640	0.102777632	0.052335469
641	0.1016089	0.051418515
642	0.100389472	0.0504593
643	0.099124458	0.049462012
644	0.097834951	0.048422942
645	0.096540056	0.047393175
646	0.095282036	0.046391162
647	0.094100458	0.045437758
648	0.093017345	0.044575549
649	0.092049453	0.043810225
650	0.09119943	0.043146422
651	0.090451426	0.042577321
652	0.08979495	0.042081665
653	0.089169582	0.041618627
654	0.088528837	0.041152072
655	0.087841621	0.040650779
656	0.087095355	0.040080147
657	0.08627443	0.039439016
658	0.085368487	0.038732636
659	0.08436826	0.037948564
660	0.08332426	0.037106667
661	0.082274521	0.036236054
662	0.081246125	0.035370217
663	0.080245432	0.034530577
664	0.07930834	0.033726761
665	0.078459943	0.032968554
666	0.077702475	0.032266498
667	0.077067574	0.031663748
668	0.07653318	0.031148396
669	0.076078585	0.030700385
670	0.075745348	0.030333164
671	0.075496617	0.030022975
672	0.075328653	0.029774366
673	0.075255908	0.029603985
674	0.075257134	0.029467709
675	0.075323133	0.029375293
676	0.075452222	0.029331276
677	0.075645651	0.029318201
678	0.075908555	0.029375424
679	0.076266424	0.029511826
680	0.076744984	0.029738584
681	0.077353685	0.030107052
682	0.078119885	0.030641819
683	0.079084994	0.031378992
684	0.080300084	0.032368141
685	0.081791104	0.033689566
686	0.083683839	0.03540949
687	0.086092301	0.037601743
688	0.089080241	0.040355201
689	0.09273841	0.043694842
690	0.097130455	0.047681239
691	0.10230157	0.052358521
692	0.108306341	0.05769719
693	0.115088115	0.063681288
694	0.122595102	0.070257616
695	0.130774496	0.077342906
696	0.139540123	0.084906371
697	0.148786704	0.092873718
698	0.158434624	0.101187134
699	0.168430621	0.109812766
700	0.178658172	0.118649678
701	0.189034164	0.127637891
702	0.199497189	0.136739535
703	0.209965722	0.145899454
704	0.220421174	0.155102983
705	0.230806272	0.164286117
706	0.241049706	0.173366706
707	0.251190621	0.182416031
708	0.261198558	0.191377039
709	0.2710729	0.200225002
710	0.28084644	0.208991577
711	0.290471049	0.217656239
712	0.299946427	0.226195555
713	0.309272492	0.234582089
714	0.318436867	0.242833741
715	0.327440981	0.250945758
716	0.336253165	0.258892539
717	0.344851234	0.266655264
718	0.353274889	0.274211363
719	0.361470239	0.281563908
720	0.369404272	0.288719563
721	0.377091691	0.295670315
722	0.384518234	0.302351871
723	0.39167228	0.308789142
724	0.398511053	0.314982089
725	0.40505545	0.320861122
726	0.411285781	0.32646863
727	0.417178725	0.331799295
728	0.422748145	0.336841564
729	0.428030213	0.341607827
730	0.432988933	0.346092889
731	0.437617957	0.350298541
732	0.441991823	0.354252936
733	0.446063674	0.357964659
734	0.449858866	0.361440943
735	0.45340004	0.364680899
736	0.456679284	0.367702512
737	0.459724106	0.370524373
738	0.462544262	0.373157023
739	0.465148673	0.375613464
740	0.467545999	0.377893894
741	0.469748901	0.380003402
742	0.471772135	0.381958165
743	0.473608959	0.383768972
744	0.47528203	0.38543737
745	0.476802884	0.386990465
746	0.478153213	0.388422366
747	0.479372257	0.389720657
748	0.480459212	0.390914506
749	0.48142971	0.392015527
750	0.482303684	0.393023741
751	0.483077215	0.393934067
752	0.483753708	0.394766345
753	0.484345253	0.395534906
754	0.484870528	0.396243025
755	0.485311351	0.396872739
756	0.485702834	0.397446249
757	0.486058304	0.39797551
758	0.486375512	0.398478032
759	0.486645108	0.398950663
760	0.486866589	0.399379353
761	0.487052539	0.399758686
762	0.487202777	0.400110703
763	0.487324383	0.400424471
764	0.487416029	0.400694345
765	0.487486765	0.400936273
766	0.487529002	0.401158007
767	0.487556421	0.401368108
768	0.487576389	0.401570998
769	0.48758296	0.401768036
770	0.487588327	0.401964465
771	0.487579821	0.402145417
772	0.487557917	0.402307422
773	0.487548958	0.402469042
774	0.487545143	0.402625922
775	0.487538754	0.402784884
776	0.487519784	0.402951765
777	0.487485977	0.403099199
778	0.487458718	0.403233638
779	0.487445012	0.403361971
780	0.487425675	0.403482364
781	0.487408221	0.403613583
782	0.487398993	0.403750897
783	0.487392088	0.403883773
784	0.487381844	0.404025476
785	0.48737047	0.404160465
786	0.487353208	0.404288713
787	0.487335685	0.404420823
788	0.487342329	0.40455632
789	0.487351741	0.404685571
790	0.487347822	0.404805539
791	0.487330589	0.404925223
792	0.487312745	0.405045095
793	0.487295843	0.405160437
794	0.487279396	0.405267428
795	0.487297722	0.405394106
796	0.487285224	0.405514373
797	0.487266735	0.405630531
798	0.487272093	0.405750588
799	0.487251339	0.405852662
800	0.487247703	0.405962921
801	0.48726005	0.406084136
802	0.487254105	0.406195751
803	0.487244959	0.406312047
804	0.487223794	0.406413065
805	0.487199414	0.406503034
806	0.48721184	0.406620446
807	0.487214709	0.406730951
808	0.487221063	0.406840706
809	0.487229382	0.406952362
810	0.487233848	0.407077373
811	0.487254269	0.407192734
812	0.487272246	0.407305855
813	0.487313097	0.407457488
814	0.487370184	0.407618434
815	0.487420909	0.407766804
816	0.487484129	0.407920005
817	0.487556804	0.408080904
818	0.487613974	0.40823793
819	0.487675362	0.408394814
820	0.487744796	0.408550275
821	0.487795503	0.408685172
822	0.487844326	0.408826123
823	0.487883768	0.40895608
824	0.487918315	0.409079773
825	0.487969296	0.409228624
826	0.488002535	0.409335334
827	0.48803463	0.409437388
828	0.488070671	0.409555786
829	0.488072905	0.409641529
830	0.488068705	0.409745256
831	0.488085025	0.409853896
832	0.48813547	0.409953746
833	0.488168052	0.410060672
834	0.488186604	0.410168899
835	0.488217154	0.410285082
836	0.488268714	0.410404945
837	0.488312144	0.410529889
838	0.488371063	0.410651556
839	0.488434098	0.410770208
840	0.488492178	0.410910896
841	0.488548235	0.411047814
842	0.488593309	0.411175264
843	0.488644465	0.411304696
844	0.488720355	0.411442067
845	0.488786116	0.411580911
846	0.488831745	0.4117226
847	0.488868093	0.411860768
848	0.488923078	0.411967976
849	0.488984652	0.412093002
850	0.489024671	0.412219261
851	0.48904288	0.412332693
852	0.489102245	0.412455021
853	0.489154914	0.412575226
854	0.48918652	0.412690106
855	0.489204605	0.412804249
856	0.489206258	0.412906506
857	0.489226012	0.413008131
858	0.489258794	0.413108311
859	0.489289	0.413210069
860	0.489320152	0.413326851
861	0.48933034	0.413427243
862	0.489335052	0.413508398
863	0.489368744	0.413591495
864	0.489366181	0.41368261
865	0.489366963	0.413776568
866	0.48937916	0.413869719
867	0.489369068	0.413963395
868	0.489383765	0.414048616
869	0.489388231	0.414123234
870	0.489371224	0.414191076
871	0.489378452	0.414263598
872	0.489350406	0.414325999
873	0.489323147	0.414404707
874	0.489325341	0.414505901
875	0.48931855	0.414571532
876	0.489307368	0.414632736
877	0.489299526	0.414699017
878	0.489297068	0.414774264
879	0.48927372	0.414858879
880	0.489251552	0.414935863
881	0.489231528	0.415000572
882	0.489205515	0.41505455
883	0.489188401	0.415120221
884	0.489170977	0.41520831
885	0.489155435	0.415297022
886	0.489166693	0.415381414
887	0.489147615	0.41547998
888	0.489126041	0.415546125
889	0.489124267	0.415589997
890	0.489146573	0.415652565
891	0.48915884	0.415742322
892	0.489174746	0.415848854
893	0.489206672	0.415953512
894	0.489212016	0.416003044
895	0.489149421	0.416035467
896	0.489114924	0.416088421
897	0.489098829	0.41613752
898	0.489045464	0.416156136
899	0.488985964	0.416177496
900	0.488944481	0.416204967
901	0.488917035	0.416233667
902	0.488896198	0.416275084
903	0.488843643	0.416286881
904	0.488784232	0.416300731
905	0.488741912	0.416331057
906	0.488708634	0.416346886
907	0.488636044	0.416381063
908	0.488577611	0.416414785
909	0.48854721	0.416435679
910	0.488477927	0.416451101
911	0.488400034	0.416432176
912	0.488352653	0.416410604
913	0.488333655	0.41640629
914	0.488268613	0.416393587
915	0.488200468	0.41640142
916	0.488124829	0.416401291
917	0.488037015	0.416377077
918	0.487954975	0.416361296
919	0.487879448	0.416374832
920	0.487796209	0.416372313
921	0.487695772	0.416334476
922	0.487588147	0.4163201
923	0.487443169	0.416250394
924	0.487309861	0.416183308
925	0.48719992	0.416142405
926	0.487022782	0.416027558
927	0.486853365	0.415953653
928	0.48669899	0.415879027
929	0.486541663	0.415755351
930	0.486357539	0.415605612
931	0.48612458	0.415468538
932	0.485894845	0.415331554
933	0.485684847	0.415170849
934	0.485397432	0.414961343
935	0.48516832	0.414784094
936	0.48491603	0.414574346
937	0.484596624	0.414318903
938	0.48433023	0.41415817
939	0.484029329	0.413941602
940	0.483684997	0.413697507
941	0.483313779	0.413443915
942	0.482950521	0.413118678
943	0.482555528	0.412799799
944	0.482133448	0.412475949
945	0.481689805	0.412114186
946	0.481225456	0.411695187
947	0.480708933	0.411232604
948	0.480112005	0.410752387
949	0.479464307	0.410247776
950	0.478867079	0.409669225
951	0.478273128	0.409085189
952	0.47759791	0.40849777
953	0.476848729	0.407889541
954	0.476151872	0.407246928
955	0.475455585	0.406686932
956	0.47477464	0.406138645
957	0.474111426	0.40554697
958	0.473458111	0.404932742
959	0.472935268	0.404462497
960	0.472467481	0.40405703
961	0.472006099	0.40369504
962	0.471567581	0.403426635
963	0.471215132	0.403123985
964	0.470904504	0.402878326
965	0.470596014	0.402696133
966	0.470284804	0.402509577
967	0.470069336	0.40234558
968	0.46985843	0.402213515
969	0.469669639	0.402112186
970	0.469557718	0.402030467
971	0.469364209	0.401955761
972	0.46923577	0.401855441
973	0.469130726	0.401796527
974	0.468974643	0.401837101
975	0.4689887	0.401820514
976	0.468929926	0.401836888
977	0.468818851	0.40187028
978	0.468768475	0.401903766
979	0.468819955	0.402033306
980	0.468787915	0.402122124
981	0.46877479	0.40216865
982	0.468845979	0.40226138
983	0.468812637	0.402553262
984	0.468903326	0.402696749
985	0.469101573	0.402771485
986	0.469296944	0.402896674
987	0.469363828	0.40308235
988	0.469529106	0.403306985
989	0.469656893	0.403527533
990	0.469742345	0.403741542
991	0.46994834	0.403997037
992	0.470130183	0.404323882
993	0.470248958	0.404593901
994	0.470389172	0.404868013
995	0.470661127	0.405264777
996	0.470917321	0.405446292
997	0.471079322	0.405673512
998	0.471223617	0.405914303
999	0.471471453	0.406085674
1000	0.471847784	0.406491235
1001	0.473549582	0.407799775
1002	0.47387197	0.408107456
1003	0.474052513	0.408394206
1004	0.47416564	0.408722074
1005	0.474485162	0.408998433
1006	0.474751814	0.409369576
1007	0.474987754	0.409704107
1008	0.475235762	0.409994934
1009	0.475508103	0.410299854
1010	0.475752666	0.410605897
1011	0.475979584	0.410963017
1012	0.476255316	0.41128138
1013	0.476506956	0.411603798
1014	0.476762972	0.411896603
1015	0.477037	0.41211919
1016	0.477392212	0.412405862
1017	0.477778885	0.412815917
1018	0.47808097	0.41318539
1019	0.478336117	0.413498884
1020	0.478604768	0.413853104
1021	0.478837346	0.41418419
1022	0.479082678	0.414531175
1023	0.47931987	0.414904086
1024	0.47959612	0.415288462
1025	0.479861895	0.415657252
1026	0.480081319	0.415926381
1027	0.480312847	0.416157192
1028	0.480562701	0.416476022
1029	0.480844776	0.416731197
1030	0.481134829	0.416934999
1031	0.48138911	0.417210952
1032	0.481676514	0.417475804
1033	0.481903694	0.417697296
1034	0.482032534	0.417946491
1035	0.482241169	0.418215044
1036	0.482475315	0.41849146
1037	0.482719643	0.41873125
1038	0.482953221	0.418992271
1039	0.483222466	0.419273963
1040	0.483442445	0.419482554
1041	0.483572416	0.419681646
1042	0.483676232	0.419936368
1043	0.483833886	0.420176236
1044	0.484036387	0.420374102
1045	0.484172572	0.420565987
1046	0.484300222	0.420779278
1047	0.484455474	0.420993546
1048	0.484523308	0.421187713
1049	0.484640378	0.421379089
1050	0.484782361	0.421578887
1051	0.485009969	0.421770064
1052	0.485166733	0.421926952
1053	0.485294128	0.422093253
1054	0.485392432	0.422284085
1055	0.4854426	0.422428208
1056	0.485518641	0.42252514
1057	0.485621712	0.422654868
1058	0.485759902	0.422751874
1059	0.485908348	0.422804297
1060	0.485995434	0.422960619
1061	0.486071138	0.423105583
1062	0.486116623	0.423210746
1063	0.486087287	0.423324174
1064	0.486099003	0.42344088
1065	0.486104141	0.423514658
1066	0.486138295	0.423594649
1067	0.486219035	0.423745964
1068	0.486319973	0.423860634
1069	0.486332456	0.423952251
1070	0.486315981	0.424029481
1071	0.486279504	0.424025492
1072	0.486198297	0.424056903
1073	0.486205508	0.424057602
1074	0.486251424	0.424042288
1075	0.486219157	0.42410877
1076	0.486219018	0.424121019
1077	0.48619954	0.42413754
1078	0.48617227	0.424157019
1079	0.486076939	0.424199596
1080	0.486028471	0.424199873
1081	0.485969932	0.424202227
1082	0.48589142	0.424204908
1083	0.485864087	0.424205135
1084	0.485846312	0.424188869
1085	0.485794048	0.424190456
1086	0.485732235	0.424201573
1087	0.485676244	0.424132905
1088	0.48558691	0.424048917
1089	0.485463907	0.423988669
1090	0.485362808	0.423934385
1091	0.485262378	0.423897602
1092	0.485163075	0.4238481
1093	0.485103992	0.423787027
1094	0.484991176	0.423744863
1095	0.484858963	0.423721087
1096	0.484681252	0.423664387
1097	0.484499993	0.423565661
1098	0.484292098	0.4234625
1099	0.484141317	0.423313907
1100	0.483976715	0.423168076
1101	0.483775522	0.423066265
1102	0.483615769	0.422967464
1103	0.483439928	0.42288518
1104	0.483255966	0.422786862
1105	0.483080635	0.422669112
1106	0.482916336	0.422547427
1107	0.482746317	0.422431346
1108	0.482595348	0.422282798
1109	0.482408404	0.422151522
1110	0.482201778	0.422043394
1111	0.482003746	0.421931137
1112	0.481787845	0.421794867
1113	0.481562785	0.421642604
1114	0.481363547	0.421494901
1115	0.481130724	0.42134155
1116	0.480863371	0.421159476
1117	0.480599906	0.421005375
1118	0.480313476	0.420801216
1119	0.480012955	0.420570183
1120	0.479678548	0.420298727
1121	0.47934579	0.42001875
1122	0.478934074	0.419667665
1123	0.478486237	0.419251491
1124	0.477996237	0.41883912
1125	0.477450106	0.418416339
1126	0.476871313	0.417917094
1127	0.476285257	0.417380113
1128	0.47558619	0.416807379
1129	0.474809748	0.416139498
1130	0.473996587	0.415359964
1131	0.473043784	0.414499469
1132	0.472034245	0.413560203
1133	0.470947954	0.412546445
1134	0.469797862	0.411427865
1135	0.468527963	0.410279119
1136	0.467149607	0.409086321
1137	0.465739399	0.40780956
1138	0.464238265	0.406463208
1139	0.462695669	0.405057325
1140	0.461098688	0.403559154
1141	0.459485442	0.402056262
1142	0.457796728	0.400514585
1143	0.456100589	0.398917809
1144	0.454393661	0.397329612
1145	0.452648035	0.395748388
1146	0.450957419	0.394185099
1147	0.449285122	0.392691648
1148	0.447665227	0.391246217
1149	0.446085759	0.3898364
1150	0.444583307	0.388506076
1151	0.443102237	0.387219511
1152	0.441716489	0.386008133
1153	0.440388751	0.384857744
1154	0.439166663	0.383790732
1155	0.438012673	0.382805011
1156	0.436957111	0.381883948
1157	0.435999024	0.381039182
1158	0.435152788	0.380238641
1159	0.434347431	0.37952783
1160	0.433594024	0.378887589
1161	0.432876198	0.378332088
1162	0.432183531	0.377833228
1163	0.431565031	0.377372835
1164	0.430991768	0.376970793
1165	0.430475899	0.376578351
1166	0.430042703	0.376230384
1167	0.429610744	0.37590347
1168	0.429221848	0.375595855
1169	0.42883639	0.375313914
1170	0.428486952	0.375062348
1171	0.428126106	0.374827705
1172	0.427774424	0.374647142
1173	0.4274219	0.374433213
1174	0.427067333	0.374220066
1175	0.426717024	0.374012624
1176	0.426355429	0.373767945
1177	0.425991857	0.373516652
1178	0.425636263	0.373270713
1179	0.425274123	0.37302322
1180	0.424921979	0.372778717
1181	0.424583329	0.372519827
1182	0.424232873	0.37228456
1183	0.423869389	0.372064438
1184	0.423527279	0.371843713
1185	0.423185479	0.37163948
1186	0.422859494	0.37142742
1187	0.422548885	0.371201616
1188	0.422243876	0.370993824
1189	0.421934279	0.370758866
1190	0.421654691	0.370584659
1191	0.421388556	0.370455518
1192	0.421142917	0.370341756
1193	0.420930777	0.370224851
1194	0.420738738	0.370129127
1195	0.420587504	0.370060228
1196	0.420480004	0.369982996
1197	0.420377322	0.369951547
1198	0.420308763	0.369975735
1199	0.420240691	0.369998129
1200	0.420154715	0.370015613
1201	0.420136786	0.370085633
1202	0.420164995	0.37019719
1203	0.420204051	0.370320192
1204	0.420284141	0.370491703
1205	0.420380963	0.370650673
1206	0.420482416	0.370800887
1207	0.42061615	0.370983967
1208	0.420781802	0.371185865
1209	0.420981248	0.371384959
1210	0.421180113	0.371631473
1211	0.421389653	0.371923089
1212	0.42163371	0.372206844
1213	0.421885532	0.372503432
1214	0.422180038	0.372821437
1215	0.422532132	0.373147005
1216	0.422857473	0.373493912
1217	0.423181006	0.37387893
1218	0.423537908	0.374247889
1219	0.423908963	0.374620347
1220	0.42428284	0.374998578
1221	0.424684202	0.375381547
1222	0.425089335	0.37576115
1223	0.425518948	0.376149299
1224	0.425911857	0.376532517
1225	0.426294285	0.376894562
1226	0.426683408	0.377282438
1227	0.427046376	0.377663512
1228	0.427359266	0.37804771
1229	0.427715309	0.378429372
1230	0.42809606	0.378823591
1231	0.428452857	0.37919546
1232	0.428814633	0.379567303
1233	0.429154752	0.379913288
1234	0.429474667	0.380231404
1235	0.429794633	0.380556462
1236	0.430111334	0.380866344
1237	0.430412297	0.381179904
1238	0.430703416	0.381503591
1239	0.430987739	0.381811132
1240	0.431250738	0.382109695
1241	0.431520511	0.382402475
1242	0.431811142	0.382693014
1243	0.432065686	0.382965944
1244	0.432302185	0.38322657
1245	0.432523682	0.383477339
1246	0.432747082	0.383722829
1247	0.432941103	0.383954768
1248	0.433153369	0.384179112
1249	0.433391412	0.384402065
1250	0.433590245	0.384609357
1251	0.433774144	0.384794258
1252	0.433945511	0.384987425
1253	0.434088047	0.385180884
1254	0.434241292	0.385363698
1255	0.434396728	0.385557923
1256	0.434539197	0.38572045
1257	0.434675669	0.385860368
1258	0.434810802	0.385994246
1259	0.434940082	0.386092885
1260	0.435058044	0.386208483
1261	0.43517807	0.386333978
1262	0.43529377	0.386451589
1263	0.435351519	0.386547469
1264	0.435370738	0.386637161
1265	0.435396045	0.386725133
1266	0.435379616	0.386797947
1267	0.435380467	0.386857244
1268	0.435394004	0.386924255
1269	0.435388063	0.386963517
1270	0.435368917	0.386983072
1271	0.435340636	0.386975247
1272	0.435313382	0.386939531
1273	0.435260951	0.386905127
1274	0.435189754	0.386840364
1275	0.435109786	0.386782066
1276	0.435021123	0.386737749
1277	0.434905876	0.386671179
1278	0.434755909	0.38660145
1279	0.434616332	0.386502071
1280	0.434458434	0.386363326
1281	0.434309252	0.386244126
1282	0.434138637	0.386093598
1283	0.433985716	0.385911665
1284	0.433775643	0.385732334
1285	0.433523511	0.385550334
1286	0.433267758	0.38534655
1287	0.43299443	0.385136062
1288	0.432693007	0.38489659
1289	0.432377515	0.384643963
1290	0.43203273	0.384356261
1291	0.431648824	0.384031621
1292	0.431258206	0.383699316
1293	0.430854964	0.383344362
1294	0.430426508	0.382973763
1295	0.429996024	0.382612815
1296	0.429518188	0.382194811
1297	0.429009854	0.381726794
1298	0.428469832	0.381250666
1299	0.427911288	0.38076261
1300	0.427285309	0.380221284
1301	0.426629156	0.379645198
1302	0.425923652	0.379048006
1303	0.425220862	0.378417479
1304	0.424493578	0.377727786
1305	0.423726396	0.377043165
1306	0.4229657	0.376364248
1307	0.422130209	0.375632127
1308	0.421215679	0.374881378
1309	0.420304986	0.374068027
1310	0.419372513	0.373211657
1311	0.418406778	0.372311869
1312	0.417450692	0.371358418
1313	0.416404112	0.370372255
1314	0.415291316	0.369335275
1315	0.414152227	0.368296112
1316	0.412949017	0.367242031
1317	0.411728442	0.366148043
1318	0.410504099	0.365057289
1319	0.409207149	0.363889164
1320	0.40790451	0.362687895
1321	0.406576545	0.36145809
1322	0.405193428	0.36019106
1323	0.403783102	0.358898226
1324	0.402325996	0.357555361
1325	0.40082009	0.356164162
1326	0.399262564	0.354756732
1327	0.397638486	0.353306711
1328	0.396038235	0.351844381
1329	0.394404745	0.350369523
1330	0.39276236	0.348860754
1331	0.391117811	0.347310626
1332	0.389474893	0.345768783
1333	0.387806809	0.344200952
1334	0.386136528	0.342630514
1335	0.384477901	0.341047373
1336	0.382810788	0.339473241
1337	0.381126838	0.337882867
1338	0.379435671	0.336318873
1339	0.377727825	0.334753862
1340	0.376034756	0.33323339
1341	0.374345295	0.331703666
1342	0.372686517	0.330191057
1343	0.371070758	0.32871308
1344	0.369470525	0.327206035
1345	0.367917716	0.325750708
1346	0.36638898	0.324308963
1347	0.364874865	0.322900653
1348	0.363400358	0.32150987
1349	0.361931388	0.320165882
1350	0.36045092	0.31884997
1351	0.359002722	0.317554104
1352	0.357575203	0.316302527
1353	0.356164368	0.315040143
1354	0.354794549	0.313821874
1355	0.353376858	0.312531165
1356	0.3519761	0.311221905
1357	0.350534196	0.309889671
1358	0.349066319	0.308533792
1359	0.347553458	0.307119734
1360	0.346038876	0.305710491
1361	0.344467007	0.304204926
1362	0.342820156	0.30266812
1363	0.341113616	0.301070918
1364	0.339314928	0.299379264
1365	0.337478646	0.297672553
1366	0.335558378	0.29584226
1367	0.333619491	0.293947885
1368	0.3314839	0.291891308
1369	0.329250485	0.289741726
1370	0.326914481	0.287485537
1371	0.324473528	0.285128513
1372	0.321879118	0.282611475
1373	0.319221522	0.280011828
1374	0.316339442	0.277222847
1375	0.313283164	0.274271442
1376	0.309993388	0.271100082
1377	0.306495505	0.267740773
1378	0.302776531	0.264168896
1379	0.298833598	0.260389064
1380	0.294616154	0.256332609
1381	0.290149641	0.252038295
1382	0.285472949	0.247543323
1383	0.280562592	0.242820071
1384	0.275392082	0.237833531
1385	0.270092124	0.232723856
1386	0.264615381	0.227400605
1387	0.259055826	0.221997525
1388	0.253441928	0.216573827
1389	0.247697558	0.211023489
1390	0.241977827	0.205543915
1391	0.236265084	0.200060497
1392	0.230469007	0.194486342
1393	0.224729487	0.189003254
1394	0.218956109	0.18351484
1395	0.213334579	0.178168448
1396	0.207685968	0.172833825
1397	0.202237773	0.16766114
1398	0.196916993	0.162570915
1399	0.191799459	0.157727002
1400	0.186794922	0.153008467
1401	0.182003485	0.148498831
1402	0.177410902	0.144207205
1403	0.173030259	0.140124119
1404	0.168845328	0.136224754
1405	0.164860661	0.132535135
1406	0.161087892	0.129079641
1407	0.157540172	0.125839616
1408	0.154212513	0.122829465
1409	0.151061685	0.119951879
1410	0.148091508	0.117276795
1411	0.145279329	0.114777792
1412	0.142660288	0.112429552
1413	0.140200985	0.11026399
1414	0.137888941	0.10827339
1415	0.135800121	0.106449814
1416	0.13380175	0.104725378
1417	0.131902543	0.103129087
1418	0.130154311	0.101624029
1419	0.128578766	0.100235267
1420	0.127062483	0.098951473
1421	0.125669338	0.097787884
1422	0.124332003	0.096679377
1423	0.123064181	0.095673769
1424	0.121911046	0.094730129
1425	0.120853826	0.093845292
1426	0.119856591	0.093034995
1427	0.118978974	0.092318844
1428	0.118118421	0.091644544
1429	0.117313327	0.091033389
1430	0.116535991	0.090462149
1431	0.11577691	0.089944093
1432	0.115104285	0.089476112
1433	0.114481657	0.089059721
1434	0.113908393	0.08867952
1435	0.113436511	0.088333071
1436	0.113033615	0.088049165
1437	0.1126571	0.087788836
1438	0.112294291	0.087537661
1439	0.11193413	0.08734465
1440	0.111607719	0.087161837
1441	0.111330899	0.086998658
1442	0.111107548	0.086881241
1443	0.11093698	0.086773493
1444	0.110783334	0.086696088
1445	0.11063092	0.086636292
1446	0.110464693	0.086594252
1447	0.110367672	0.086581259
1448	0.110314271	0.086600461
1449	0.110262663	0.086620206
1450	0.110254894	0.086656978
1451	0.110242422	0.086705378
1452	0.110222427	0.086758554
1453	0.110225414	0.086832628
1454	0.11023833	0.086921996
1455	0.110294822	0.087041796
1456	0.110375355	0.087180124
1457	0.110471218	0.087339242
1458	0.110591502	0.087521767
1459	0.110746093	0.087729334
1460	0.110911683	0.087955583
1461	0.111119318	0.088207805
1462	0.111373436	0.088482678
1463	0.111655101	0.088788953
1464	0.111954798	0.089111075
1465	0.112304663	0.089483684
1466	0.112678966	0.089868223
1467	0.113114557	0.090295167
1468	0.113597579	0.090781083
1469	0.114098405	0.091284455
1470	0.11462667	0.091839688
1471	0.115181969	0.092446437
1472	0.115788607	0.093068647
1473	0.116421037	0.093707542
1474	0.117109078	0.094371869
1475	0.117834967	0.095070302
1476	0.118552574	0.095786628
1477	0.119274649	0.096522665
1478	0.120031973	0.097284475
1479	0.120806624	0.098068587
1480	0.121600693	0.098881023
1481	0.122418485	0.099738096
1482	0.123263251	0.100575553
1483	0.124131312	0.101423717
1484	0.125007023	0.102290409
1485	0.125911843	0.103150708
1486	0.126822116	0.104040184
1487	0.127732253	0.104957609
1488	0.12867573	0.105892636
1489	0.129656396	0.106843165
1490	0.130630777	0.107805719
1491	0.131623917	0.108792244
1492	0.132614974	0.109791012
1493	0.133591599	0.110821648
1494	0.134600523	0.111831274
1495	0.135628006	0.112830451
1496	0.136661397	0.113859408
1497	0.137726871	0.114903796
1498	0.138788503	0.115926485
1499	0.139805464	0.116960084
1500	0.140852982	0.118015072
1501	0.141894731	0.119067787
1502	0.142928409	0.120133948
1503	0.143993499	0.121236568
1504	0.145068232	0.122347623
1505	0.146152574	0.12343617
1506	0.147245456	0.124497929
1507	0.148331502	0.125562844
1508	0.149413947	0.126653669
1509	0.150518518	0.127770234
1510	0.151633039	0.128908106
1511	0.152738815	0.130022779
1512	0.153864493	0.131140465
1513	0.154976437	0.132263418
1514	0.156075876	0.133374104
1515	0.157169933	0.134486511
1516	0.158264807	0.135619638
1517	0.159365642	0.136731182
1518	0.160458215	0.137821636
1519	0.161533905	0.138919225
1520	0.162608954	0.140013584
1521	0.163694019	0.141119547
1522	0.164760281	0.142240468
1523	0.165833801	0.143331787
1524	0.166942201	0.144409761
1525	0.168012236	0.145493403
1526	0.169045908	0.146555523
1527	0.170107095	0.147628609
1528	0.171163907	0.148726894
1529	0.172226382	0.14980903
1530	0.173319098	0.15087245
1531	0.174372955	0.151939489
1532	0.175395383	0.153012128
1533	0.176436511	0.154069712
1534	0.177477559	0.155128906
1535	0.178507247	0.156170597
1536	0.179552405	0.157173423
1537	0.180576806	0.158205779
1538	0.181583041	0.159248561
1539	0.182559275	0.160289498
1540	0.183538338	0.161311602
1541	0.184554192	0.162351491
1542	0.185579826	0.163356762
1543	0.186594067	0.164339453
1544	0.187593238	0.16534102
1545	0.188581785	0.166324397
1546	0.189569683	0.167336368
1547	0.190550687	0.168361496
1548	0.191546877	0.169368912
1549	0.192533053	0.170386384
1550	0.193467124	0.171373219
1551	0.194400659	0.17233792
1552	0.195335093	0.173295793
1553	0.196245411	0.174240902
1554	0.197181457	0.175192553
1555	0.198143301	0.176141903
1556	0.199069843	0.177068906
1557	0.199995982	0.177991706
1558	0.200905553	0.178917725
1559	0.201794099	0.179818797
1560	0.202681252	0.180729564
1561	0.203555469	0.181657463
1562	0.204425894	0.182570928
1563	0.205287028	0.183474234
1564	0.206145043	0.184363458
1565	0.206993757	0.185250419
1566	0.207862274	0.186134576
1567	0.208745608	0.186994038
1568	0.209596843	0.187870739
1569	0.210454324	0.188767172
1570	0.211282868	0.189641611
1571	0.21206945	0.190512323
1572	0.21286716	0.191364793
1573	0.213632075	0.192203353
1574	0.214453723	0.193025404
1575	0.215330084	0.193826072
1576	0.216149446	0.194629612
1577	0.216984586	0.195414661
1578	0.217788706	0.196214382
1579	0.218525769	0.197030604
1580	0.219287814	0.197826833
1581	0.220059978	0.198613319
1582	0.220826721	0.199397388
1583	0.221585958	0.200168798
1584	0.222345719	0.200935525
1585	0.223124906	0.201701332
1586	0.22387352	0.202472518
1587	0.224581125	0.203241037
1588	0.225319448	0.204002683
1589	0.226042652	0.204762967
1590	0.226789568	0.205523006
1591	0.227589579	0.206269884
1592	0.228361338	0.207028169
1593	0.229119292	0.207808331
1594	0.229891963	0.208566372
1595	0.230648751	0.209317483
1596	0.231410889	0.210080812
1597	0.232168753	0.210827002
1598	0.232909396	0.21158151
1599	0.233654068	0.212370152
1600	0.234387907	0.213136581
1601	0.235094527	0.213876353
1602	0.235827842	0.214631741
1603	0.236567483	0.215356045
1604	0.237284109	0.216067708
1605	0.238010142	0.216802294
1606	0.238717696	0.217519667
1607	0.239422034	0.218239738
1608	0.240110189	0.218963485
1609	0.240790221	0.219648638
1610	0.241473369	0.220318781
1611	0.242148836	0.220977672
1612	0.242807837	0.221596372
1613	0.243461355	0.2222404
1614	0.244134292	0.22289469
1615	0.244741234	0.223531282
1616	0.245305676	0.224182299
1617	0.245868393	0.224778334
1618	0.246383287	0.225344442
1619	0.246938687	0.225897958
1620	0.247518249	0.226410737
1621	0.2480487	0.226927484
1622	0.248579389	0.227440687
1623	0.249078952	0.227940996
1624	0.249532931	0.228415733
1625	0.249994834	0.228907715
1626	0.250446833	0.22942006
1627	0.250900368	0.229879561
1628	0.251333825	0.230312674
1629	0.251778797	0.230756464
1630	0.25225154	0.231155704
1631	0.252677048	0.231604159
1632	0.253058297	0.232086617
1633	0.253496373	0.232560957
1634	0.253909054	0.233045797
1635	0.254388143	0.233524642
1636	0.25495636	0.234013569
1637	0.255469105	0.234486618
1638	0.255997526	0.234942039
1639	0.256489551	0.235415483
1640	0.256945625	0.235888805
1641	0.257410425	0.236364798
1642	0.257877094	0.236874627
1643	0.25831448	0.237332662
1644	0.258762069	0.237786578
1645	0.259141562	0.238184488
1646	0.259476544	0.238526367
1647	0.259778333	0.238867927
1648	0.260007021	0.239193162
1649	0.26026562	0.239469522
1650	0.260522156	0.239724927
1651	0.260743282	0.23993914
1652	0.260956143	0.240079391
1653	0.261150612	0.240236693
1654	0.261318423	0.240384794
1655	0.261456156	0.24051045
1656	0.261582506	0.240608782
1657	0.261678311	0.240719812
1658	0.261694654	0.240842939
1659	0.261769341	0.240909052
1660	0.261903222	0.240939369
1661	0.261939116	0.240988957
1662	0.261943985	0.241009737
1663	0.261939471	0.241022508
1664	0.261846088	0.24107316
1665	0.261795369	0.24106336
1666	0.261795912	0.240987237
1667	0.261738792	0.240925303
1668	0.261637624	0.24084881
1669	0.261549432	0.240765816
1670	0.26144614	0.240659006
1671	0.261340918	0.240576675
1672	0.261233448	0.240503888
1673	0.261125775	0.240419643
1674	0.2610444	0.240372144
1675	0.260887233	0.240259086
1676	0.26071258	0.240104308
1677	0.260491063	0.2399407
1678	0.260186488	0.239751176
1679	0.25988935	0.239530635
1680	0.259576396	0.239283985
1681	0.259242688	0.239025942
1682	0.258873006	0.238731812
1683	0.258512225	0.238430288
1684	0.258165786	0.238137991
1685	0.257765935	0.237799949
1686	0.25733494	0.237404686
1687	0.256897524	0.237034318
1688	0.256422336	0.23665274
1689	0.255937609	0.236260893
1690	0.255457496	0.235890677
1691	0.254946578	0.235477448
1692	0.254374249	0.235011033
1693	0.253851323	0.234575448
1694	0.253364932	0.23412514
1695	0.252823809	0.233695801
1696	0.252268337	0.23329429
1697	0.251713363	0.232882957
1698	0.251098999	0.232482786
1699	0.250535458	0.232061302
1700	0.250009377	0.23163725
1701	0.249488384	0.231191364
1702	0.248994258	0.230710656
1703	0.248476047	0.230252715
1704	0.247974598	0.229777221
1705	0.247439893	0.229343344
1706	0.246858991	0.228948784
1707	0.246313296	0.228537721
1708	0.245747922	0.228165209
1709	0.245239277	0.227734379
1710	0.24479207	0.227262488
1711	0.244298132	0.226799093
1712	0.243818067	0.22628629
1713	0.243325228	0.225833731
1714	0.242763945	0.225403917
1715	0.242290013	0.22499077
1716	0.241886166	0.224629111
1717	0.241446879	0.22423162
1718	0.241062184	0.223817474
1719	0.24060531	0.223443361
1720	0.240074396	0.223091581
1721	0.239588407	0.222709637
1722	0.239065123	0.222342465
1723	0.238605374	0.221957166
1724	0.238195814	0.221536231
1725	0.2377932	0.221123458
1726	0.237440262	0.220726099
1727	0.23705802	0.22031285
1728	0.236678852	0.219870655
1729	0.236295087	0.219457376
1730	0.235902077	0.219053647
1731	0.235491766	0.218658335
1732	0.23506156	0.218286639
1733	0.23467407	0.217892537
1734	0.234299329	0.217499142
1735	0.23390645	0.217081389
1736	0.233561284	0.216639581
1737	0.233135448	0.216204667
1738	0.232654435	0.215770191
1739	0.232164188	0.215331409
1740	0.231647463	0.214915248
1741	0.231129805	0.2144195
1742	0.230607061	0.213894753
1743	0.230020209	0.213317006
1744	0.229390787	0.212662571
1745	0.228781616	0.212047515
1746	0.228130193	0.211402884
1747	0.22748559	0.210775818
1748	0.226863455	0.210163036
1749	0.226203662	0.209547268
1750	0.225493222	0.208933591
1751	0.224841994	0.208327001
1752	0.224210217	0.207716639
1753	0.223609143	0.207121644
1754	0.223033022	0.206525373
1755	0.222518654	0.205922144
1756	0.221890133	0.2053379
1757	0.221209488	0.204755088
1758	0.220607963	0.204249968
1759	0.219995019	0.203745118
1760	0.219498502	0.203293629
1761	0.219051415	0.202854039
1762	0.218559895	0.202374804
1763	0.218094942	0.201888303
1764	0.217591124	0.201398258
1765	0.217100004	0.200942121
1766	0.216656398	0.200489984
1767	0.216275626	0.20010041
1768	0.215948979	0.199692332
1769	0.21562865	0.199264232
1770	0.215305905	0.19886714
1771	0.214889459	0.198453588
1772	0.214508959	0.198137826
1773	0.214193607	0.197780777
1774	0.213830807	0.197392004
1775	0.213546792	0.197100377
1776	0.21326588	0.196790912
1777	0.212994724	0.19657484
1778	0.21279808	0.196422768
1779	0.212617744	0.196197621
1780	0.212404043	0.196010991
1781	0.212136205	0.195848976
1782	0.211972225	0.19568717
1783	0.211865739	0.195614221
1784	0.211732261	0.195511327
1785	0.21165397	0.195314549
1786	0.211586255	0.195221693
1787	0.211466431	0.195168971
1788	0.211417573	0.195140179
1789	0.211452538	0.195212708
1790	0.211460053	0.195244241
1791	0.211490325	0.19521326
1792	0.211541852	0.195235837
1793	0.211606694	0.19530472
1794	0.211666809	0.195377733
1795	0.211748412	0.195487783
1796	0.211837261	0.195610401
1797	0.211927319	0.195742352
1798	0.212022832	0.195863708
1799	0.21207328	0.195982902
1800	0.212241638	0.196115678
1801	0.211911749	0.195275005
1802	0.212059211	0.195370201
1803	0.21215656	0.195494249
1804	0.212181746	0.195672885
1805	0.212251065	0.195784769
1806	0.212325386	0.195819667
1807	0.212321049	0.195967498
1808	0.212363638	0.196063127
1809	0.212381988	0.196135974
1810	0.212383021	0.196252601
1811	0.212476701	0.196394576
1812	0.212543737	0.196534693
1813	0.21262325	0.196738151
1814	0.212713569	0.196872719
1815	0.212815422	0.197001305
1816	0.212900041	0.197056609
1817	0.212976999	0.197114271
1818	0.213121398	0.197129327
1819	0.213167275	0.197119603
1820	0.21319737	0.197122757
1821	0.21328604	0.197139836
1822	0.213271544	0.197176126
1823	0.21328864	0.197178119
1824	0.213337671	0.1971891
1825	0.213346016	0.197174709
1826	0.213229732	0.197114744
1827	0.213117219	0.197032825
1828	0.212900631	0.196915879
1829	0.212700712	0.196808781
1830	0.212555183	0.19668298
1831	0.2124031	0.196448418
1832	0.212210343	0.196232659
1833	0.212032254	0.196027052
1834	0.211767548	0.19574774
1835	0.211450499	0.195397026
1836	0.211072237	0.195142214
1837	0.210648304	0.19479748
1838	0.210175537	0.194382584
1839	0.209650869	0.193967665
1840	0.209180891	0.193394444
1841	0.208635906	0.192735149
1842	0.207971814	0.192101351
1843	0.207219378	0.191363432
1844	0.206365903	0.190531463
1845	0.20538761	0.189692511
1846	0.204450431	0.188819716
1847	0.203396308	0.187773855
1848	0.202287081	0.186683474
1849	0.20116478	0.185469091
1850	0.199875031	0.184143894
1851	0.198545858	0.182713902
1852	0.1971653	0.181164794
1853	0.195614271	0.179495824
1854	0.193946514	0.177712048
1855	0.192094875	0.175771121
1856	0.190048684	0.173785311
1857	0.187866158	0.171764716
1858	0.1856083	0.169686345
1859	0.183237181	0.167445575
1860	0.180816484	0.165021594
1861	0.178375894	0.162459752
1862	0.175753543	0.1597516
1863	0.172991484	0.156827763
1864	0.170042611	0.153829917
1865	0.166925506	0.150743985
1866	0.163635804	0.14751465
1867	0.160155761	0.144183206
1868	0.156490187	0.140697914
1869	0.152730506	0.137081952
1870	0.148873718	0.13329264
1871	0.144839577	0.129283118
1872	0.140728883	0.12519978
1873	0.136516213	0.121060777
1874	0.132226179	0.116825278
1875	0.12784311	0.112615902
1876	0.123592752	0.108501775
1877	0.119400752	0.10436542
1878	0.11535034	0.100379328
1879	0.111478558	0.096514903
1880	0.107537378	0.092720341
1881	0.10365543	0.089087016
1882	0.099808977	0.085519553
1883	0.095884169	0.08195877
1884	0.092149305	0.07860416
1885	0.088474827	0.075336728
1886	0.084813747	0.072160858
1887	0.081377336	0.069198751
1888	0.078063912	0.066398159
1889	0.074799336	0.063618955
1890	0.071772664	0.061058295
1891	0.068893641	0.058638256
1892	0.066134485	0.056308031
1893	0.063564499	0.054203413
1894	0.061173098	0.052296341
1895	0.058950151	0.050508088
1896	0.056904752	0.04889434
1897	0.054966174	0.047444393
1898	0.05322662	0.046044589
1899	0.051653039	0.044810547
1900	0.050180921	0.043658092
1901	0.048855862	0.042601957
1902	0.047606892	0.041665427
1903	0.046500452	0.040868917
1904	0.045454038	0.040143074
1905	0.044502689	0.039578365
1906	0.043617928	0.038990552
1907	0.042839816	0.038491865
1908	0.042104134	0.037982791
1909	0.041446013	0.037470661
1910	0.040954916	0.037055366
1911	0.040562643	0.036607521
1912	0.04015481	0.036205329
1913	0.039769152	0.035900771
1914	0.039431269	0.035673286
1915	0.039104155	0.035452818
1916	0.038792924	0.03533464
1917	0.038492285	0.035196614
1918	0.038164451	0.035048831
1919	0.03792533	0.034919327
1920	0.037708423	0.034814341
1921	0.037592641	0.034738423
1922	0.037525441	0.034652981
1923	0.037444024	0.034582461
1924	0.037310045	0.034490824
1925	0.037094029	0.034358455
1926	0.036984244	0.03430711
1927	0.036866784	0.034263202
1928	0.036823567	0.034259581
1929	0.036875966	0.034352934
1930	0.036904231	0.034398957
1931	0.036982129	0.03444552
1932	0.03701459	0.03448388
1933	0.037024161	0.034477526
1934	0.037060025	0.034516583
1935	0.037092615	0.034575395
1936	0.037113511	0.034621969
1937	0.037143448	0.034732892
1938	0.037160774	0.034921188
1939	0.037232809	0.035062659
1940	0.037270292	0.035214062
1941	0.037393709	0.035368912
1942	0.03761058	0.035525498
1943	0.037860454	0.035667533
1944	0.038043982	0.035806417
1945	0.038278096	0.035986876
1946	0.038438579	0.036121208
1947	0.038503954	0.036211662
1948	0.038665653	0.036349003
1949	0.038843931	0.036466836
1950	0.039022272	0.036636181
1951	0.039253365	0.036849336
1952	0.039459077	0.037067259
1953	0.039609416	0.037346622
1954	0.03983592	0.037583552
1955	0.040132881	0.037822342
1956	0.040390422	0.038038772
1957	0.040645125	0.038237903
1958	0.040953039	0.038399874
1959	0.041178639	0.038592073
1960	0.041313063	0.038760483
1961	0.041524533	0.038984129
1962	0.041696862	0.039265844
1963	0.041963485	0.039493384
1964	0.042319913	0.039728223
1965	0.042656343	0.039951314
1966	0.043071572	0.040113362
1967	0.043447788	0.040327577
1968	0.043697231	0.040545043
1969	0.044009373	0.040828287
1970	0.044296644	0.041088805
1971	0.044503736	0.041340904
1972	0.044815791	0.041646437
1973	0.045215791	0.042014336
1974	0.045546159	0.04231664
1975	0.045886729	0.042622037
1976	0.046224294	0.04294016
1977	0.04649174	0.043204231
1978	0.046829474	0.04350395
1979	0.047197053	0.043849396
1980	0.047623599	0.044225608
1981	0.04801731	0.044522679
1982	0.048469953	0.044770021
1983	0.048827502	0.045055047
1984	0.049115344	0.045273928
1985	0.049435949	0.045596753
1986	0.049688055	0.046006389
1987	0.050024787	0.046383843
1988	0.050444299	0.046833018
1989	0.05082808	0.04720959
1990	0.051217762	0.047505801
1991	0.051617718	0.04785934
1992	0.05201061	0.04820402
1993	0.05237264	0.048569747
1994	0.052840762	0.048952955
1995	0.053401441	0.049402358
1996	0.05389898	0.0497841
1997	0.054483133	0.050137694
1998	0.054936089	0.05051212
1999	0.055293258	0.050868031
2000	0.055661569	0.051242667
2001	0.055943293	0.051618505
2002	0.056279643	0.052016111
2003	0.056572459	0.052454088
2004	0.056956846	0.052862317
2005	0.057394283	0.053267201
2006	0.057921935	0.053681932
2007	0.058364182	0.054092763
2008	0.058834024	0.054467936
2009	0.059304044	0.054884354
2010	0.059737626	0.055350185
2011	0.060166813	0.05577199
2012	0.060646512	0.056190434
2013	0.06107725	0.056593733
2014	0.061394507	0.056973901
2015	0.061802644	0.057348349
2016	0.062271113	0.057710787
2017	0.062718504	0.058071166
2018	0.063175979	0.058424665
2019	0.063701126	0.058750717
2020	0.064095634	0.059123652
2021	0.064407004	0.059490927
2022	0.064777607	0.059913989
2023	0.065092117	0.06045444
2024	0.065455915	0.060841438
2025	0.065872262	0.061143524
2026	0.066276957	0.06152797
2027	0.066708805	0.061891372
2028	0.067087255	0.062223775
2029	0.067452296	0.062622635
2030	0.067811728	0.062982181
2031	0.068149575	0.063303257
2032	0.068408204	0.063468263
2033	0.068768967	0.063860843
2034	0.069169628	0.064397762
2035	0.069570526	0.064795677
2036	0.070058056	0.065275727
2037	0.070419926	0.06560897
2038	0.070732592	0.065706883
2039	0.071042036	0.066012211
2040	0.071273856	0.066374857
2041	0.071524882	0.066727082
2042	0.07171587	0.067222864
2043	0.072010006	0.067610139
2044	0.072364727	0.067893131
2045	0.072699803	0.068211187
2046	0.073061844	0.068523234
2047	0.073491217	0.068797307
2048	0.073937077	0.069125105
2049	0.074397034	0.069485702
2050	0.074822992	0.069836917
2051	0.075401188	0.070208514
2052	0.075729727	0.070564053
2053	0.075844625	0.070880301
2054	0.076045913	0.071265846
2055	0.07609581	0.071747383
2056	0.076274028	0.072123819
2057	0.076570401	0.072479146
2058	0.076819169	0.07283502
2059	0.077036591	0.073133843
2060	0.077359104	0.073377492
2061	0.077636409	0.073704178
2062	0.077877166	0.074120947
2063	0.078197616	0.07443358
2064	0.078595763	0.074742574
2065	0.078920919	0.074986736
2066	0.079287035	0.075127044
2067	0.079570962	0.075334164
2068	0.079738113	0.075460218
2069	0.079980719	0.075732201
2070	0.080248382	0.076144949
2071	0.080480106	0.076492512
2072	0.080680566	0.076894958
2073	0.080947426	0.07728189
2074	0.08123411	0.077644722
2075	0.081496631	0.077953074
2076	0.081790807	0.078348983
2077	0.082130849	0.078824115
2078	0.082503771	0.079222787
2079	0.082849691	0.079653879
2080	0.083279821	0.080002108
2081	0.08385864	0.080251711
2082	0.084334194	0.080557074
2083	0.084883394	0.080826675
2084	0.085259072	0.081127813
2085	0.085537962	0.081436718
2086	0.085756269	0.081799442
2087	0.08571886	0.082252657
2088	0.085859032	0.082627682
2089	0.086048708	0.083024073
2090	0.086204386	0.083389022
2091	0.086535857	0.083695063
2092	0.087084522	0.083875736
2093	0.08744737	0.084180372
2094	0.087888925	0.084526422
2095	0.088176248	0.084835078
2096	0.088259839	0.085091678
2097	0.088480042	0.08548958
2098	0.088607421	0.085920859
2099	0.088898087	0.086391399
2100	0.08943287	0.087074612
2101	0.089770701	0.08760716
2102	0.090051951	0.088130231
2103	0.090414105	0.088549724
2104	0.090684577	0.088832213
2105	0.090992706	0.089150293
2106	0.091405389	0.08943934
2107	0.09199324	0.089622415
2108	0.092422375	0.089930516
2109	0.092876167	0.090334131
2110	0.093196605	0.09062042
2111	0.09344419	0.090813313
2112	0.093643049	0.091177482
2113	0.093678602	0.091544097
2114	0.093832594	0.091982195
2115	0.093859609	0.0927034
2116	0.094153798	0.093188193
2117	0.094726806	0.093507763
2118	0.095128577	0.093916606
2119	0.095616159	0.094183292
2120	0.096083127	0.09461367
2121	0.096462964	0.095225132
2122	0.096790466	0.095860489
2123	0.097199114	0.096290551
2124	0.097795276	0.0967036
2125	0.098037201	0.097090753
2126	0.098028364	0.097277847
2127	0.098270702	0.097572257
2128	0.098347366	0.097931082
2129	0.09868079	0.098288107
2130	0.099386268	0.098596648
2131	0.099857339	0.098949657
2132	0.10027662	0.099358496
2133	0.100719779	0.099790753
2134	0.101224023	0.100334312
2135	0.101535149	0.100708287
2136	0.101741312	0.100963717
2137	0.101968468	0.101312173
2138	0.102095586	0.101541294
2139	0.102082677	0.10177861
2140	0.102262806	0.102421508
2141	0.102548817	0.103191939
2142	0.102838192	0.103703652
2143	0.103195319	0.104296667
2144	0.103510601	0.104624807
2145	0.103831446	0.104588972
2146	0.104156438	0.104793773
2147	0.104430938	0.104977549
2148	0.104819959	0.105237017
2149	0.105333362	0.10562823
2150	0.105760409	0.105928222
2151	0.106220779	0.106221838
2152	0.106605129	0.106473113
2153	0.106871501	0.106629235
2154	0.107197992	0.106857315
2155	0.107553271	0.107127927
2156	0.107882354	0.107377043
2157	0.108215091	0.107687574
2158	0.108602748	0.107923607
2159	0.108790444	0.108114865
2160	0.10882811	0.108220639
2161	0.109015214	0.108382585
2162	0.109155518	0.108465369
2163	0.10929577	0.108730622
2164	0.109507538	0.109070208
2165	0.109720591	0.109457181
2166	0.109813538	0.110074818
2167	0.110085045	0.110426104
2168	0.110426055	0.110666624
2169	0.110876308	0.110946481
2170	0.111613155	0.111081982
2171	0.112039775	0.111309172
2172	0.112540417	0.111627933
2173	0.112803647	0.111910376
2174	0.112497434	0.112180891
2175	0.11259808	0.112441938
2176	0.112816812	0.112701399
2177	0.11310387	0.112979177
2178	0.113428036	0.113142457
2179	0.113952781	0.113441548
2180	0.114127606	0.113696723
2181	0.114026541	0.113959887
2182	0.11412641	0.114202617
2183	0.114139516	0.114452859
2184	0.114283475	0.114665164
2185	0.114504364	0.114822482
2186	0.114794291	0.11503643
2187	0.115165679	0.115281665
2188	0.115535436	0.115512968
2189	0.116054434	0.115781782
2190	0.116422938	0.116005053
2191	0.116699732	0.116180518
2192	0.11701931	0.116370069
2193	0.117409348	0.116589755
2194	0.11761662	0.116737018
2195	0.117631728	0.116837626
2196	0.117807701	0.116939015
2197	0.118048937	0.116958208
2198	0.118068339	0.117011027
2199	0.118302119	0.117156792
2200	0.118573137	0.117406466
2201	0.118690264	0.117706198
2202	0.118646918	0.118165552
2203	0.118721327	0.118482286
2204	0.118756339	0.118865853
2205	0.118880731	0.119043884
2206	0.11903855	0.119056394
2207	0.119228495	0.119126979
2208	0.119558251	0.11904678
2209	0.119757969	0.119134882
2210	0.119931672	0.119338346
2211	0.120060532	0.119489849
2212	0.120086001	0.119788723
2213	0.12015436	0.119853979
2214	0.12026087	0.11976641
2215	0.12029899	0.119703094
2216	0.120318802	0.119490539
2217	0.120300284	0.11934045
2218	0.120234826	0.119171297
2219	0.120128316	0.119082345
2220	0.119960097	0.119010166
2221	0.119791091	0.118996879
2222	0.119628261	0.119020771
2223	0.119501204	0.119184608
2224	0.119409195	0.119214829
2225	0.119403299	0.119261583
2226	0.119322374	0.11914509
2227	0.119272931	0.118894772
2228	0.119088538	0.118702578
2229	0.118852065	0.118467918
2230	0.118578844	0.118166862
2231	0.118173181	0.117867989
2232	0.117823974	0.117525985
2233	0.117465385	0.11700374
2234	0.117099939	0.116643043
2235	0.116720378	0.116427689
2236	0.116353764	0.116065306
2237	0.115979806	0.115704807
2238	0.115635898	0.115271487
2239	0.115340547	0.114676019
2240	0.115000492	0.114165205
2241	0.114693982	0.113607433
2242	0.114306772	0.113163337
2243	0.113873726	0.112839268
2244	0.113368269	0.112472271
2245	0.112795148	0.112192799
2246	0.112189434	0.111856916
2247	0.111467262	0.111566218
2248	0.110782385	0.111062284
2249	0.110114361	0.110578111
2250	0.109419671	0.110086889
2251	0.108769688	0.109450962
2252	0.108202502	0.108675925
2253	0.107510133	0.107944824
2254	0.106780144	0.107047879
2255	0.106044309	0.106417034
2256	0.105197731	0.105911549
2257	0.104474801	0.105375773
2258	0.103759984	0.105062864
2259	0.103146481	0.104490109
2260	0.102660565	0.103711968
2261	0.102115754	0.10309348
2262	0.101645316	0.102429966
2263	0.101114633	0.101819459
2264	0.10052354	0.101323654
2265	0.099961224	0.100790892
2266	0.099433676	0.100273645
2267	0.098850635	0.099695841
2268	0.098131175	0.099035456
2269	0.097596307	0.098503693
2270	0.097281715	0.097914508
2271	0.096724349	0.097468352
2272	0.096112919	0.09727306
2273	0.095553126	0.096987655
2274	0.09462162	0.096780958
2275	0.094036686	0.096474958
2276	0.093854832	0.096053934
2277	0.093566178	0.095679526
2278	0.093322341	0.095295536
2279	0.093226742	0.094897852
2280	0.093000739	0.094406008
2281	0.092727943	0.093854886
2282	0.092394714	0.093427146
2283	0.091942564	0.092833932
2284	0.091741226	0.092649014
2285	0.09156744	0.092837039
2286	0.091437474	0.092778922
2287	0.091734104	0.092884921
2288	0.091386444	0.092767612
2289	0.090575104	0.09239774
2290	0.090097386	0.09221231
2291	0.089301839	0.092098538
2292	0.088944132	0.0918681
2293	0.089097548	0.091713802
2294	0.088942342	0.091356616
2295	0.088999326	0.090656081
2296	0.088596335	0.090281411
2297	0.087744216	0.090005771
2298	0.087146811	0.089676677
2299	0.08637501	0.089553253
2300	0.085683676	0.089274589
2301	0.08513637	0.088737291
2302	0.08461662	0.088410652
2303	0.083859759	0.088241624
2304	0.083470173	0.087969736
2305	0.083401286	0.087712178
2306	0.083381578	0.087481522
2307	0.083947464	0.087222498
2308	0.08393864	0.086933874
2309	0.083595772	0.086699482
2310	0.083336686	0.086422924
2311	0.0826432	0.085961624
2312	0.082153528	0.085674012
2313	0.081620275	0.085413679
2314	0.081571032	0.085344384
2315	0.081808195	0.085447922
2316	0.081820008	0.085216473
2317	0.081761357	0.085272373
2318	0.081923216	0.085538092
2319	0.081721555	0.085299423
2320	0.081023153	0.084913502
2321	0.080839053	0.084616379
2322	0.080889662	0.083937801
2323	0.08073367	0.083608492
2324	0.080504145	0.083610819
2325	0.080583448	0.083457554
2326	0.080825883	0.083207854
2327	0.080758089	0.083054969
2328	0.080959919	0.083150117
2329	0.080731622	0.08282548
2330	0.079843416	0.082323226
2331	0.079457171	0.081774913
2332	0.079246892	0.080704888
2333	0.078861919	0.080313841
2334	0.078466178	0.080216354
2335	0.078148028	0.080176155
2336	0.077768448	0.080852444
2337	0.077477307	0.080709802
2338	0.077467078	0.0800597
2339	0.077097492	0.079723401
2340	0.07651773	0.078962833
2341	0.075980855	0.078623125
2342	0.07521685	0.078757837
2343	0.074691917	0.078710866
2344	0.074308254	0.078855048
2345	0.073876391	0.07873984
2346	0.073440734	0.078427481
2347	0.073080096	0.078240275
2348	0.072929352	0.078036299
2349	0.07250814	0.077603981
2350	0.071797979	0.077090357
2351	0.071547316	0.076664798
2352	0.071450124	0.075693849
2353	0.07111552	0.075431965
2354	0.071027792	0.075858642
2355	0.070900369	0.076021675
2356	0.070506869	0.076634951
2357	0.070188301	0.076844299
2358	0.069988529	0.076744422
2359	0.069824622	0.076642398
2360	0.069459355	0.076516094
2361	0.069366492	0.07611045
2362	0.069901026	0.075121708
2363	0.069976114	0.074593695
2364	0.070307852	0.07410654
2365	0.069564302	0.073497773
2366	0.068514697	0.074180709
2367	0.068143914	0.074761671
2368	0.067532435	0.074908283
2369	0.067565859	0.075456085
2370	0.068259127	0.074638182
2371	0.068343276	0.073833333
2372	0.068632115	0.074086711
2373	0.068701279	0.073558341
2374	0.068440747	0.073355231
2375	0.068064634	0.074047747
2376	0.067738665	0.07424271
2377	0.067962037	0.074299152
2378	0.068063622	0.073934883
2379	0.0677859	0.073101315
2380	0.066866138	0.072520177
2381	0.0652271	0.071954577
2382	0.064068197	0.071562267
2383	0.062987768	0.071391117
2384	0.062879017	0.070481285
2385	0.0640629	0.069236056
2386	0.064222068	0.069043128
2387	0.064022679	0.068962711
2388	0.063337448	0.068328808
2389	0.061643997	0.067920447
2390	0.060546821	0.067235332
2391	0.060032118	0.066429482
2392	0.060165197	0.066413878
2393	0.060991733	0.06670437
2394	0.061654825	0.067304538
2395	0.062556286	0.06795831
2396	0.063627949	0.068300396
2397	0.064035374	0.068815698
2398	0.063811246	0.068873966
2399	0.063297101	0.068630516
2400	0.06222959	0.068424548
2401	0.060679626	0.068042296
2402	0.059584552	0.067040619
2403	0.059455028	0.065555468
2404	0.059973139	0.065147197
2405	0.060411545	0.064928919
2406	0.060962737	0.064890733
2407	0.061440319	0.065552323
2408	0.06146181	0.064818873
2409	0.060985381	0.063520098
2410	0.059502808	0.063064641
2411	0.058167657	0.06286509
2412	0.057257846	0.06323899
2413	0.055389043	0.063984796
2414	0.054660202	0.063624736
2415	0.054942723	0.063023656
2416	0.05417067	0.062746292
2417	0.054545229	0.062444202
2418	0.056178649	0.063340793
2419	0.056901598	0.064025712
2420	0.057351197	0.063202429
2421	0.058058646	0.062102264
2422	0.057597009	0.061166307
2423	0.057027607	0.060244313
2424	0.05677637	0.061082778
2425	0.056384526	0.062416108
2426	0.05606913	0.062268345
2427	0.054688406	0.06226539
2428	0.053846702	0.060759801
2429	0.053017114	0.059513178
2430	0.052061719	0.05955854
2431	0.052345732	0.058750639
2432	0.052104972	0.058992096
2433	0.051629117	0.05836177
2434	0.052133638	0.05656949
2435	0.052982773	0.055855725
2436	0.052806393	0.055145649
2437	0.053894807	0.054942625
2438	0.055560195	0.056162077
2439	0.05549876	0.057084324
2440	0.05594579	0.056723846
2441	0.05570727	0.056250806
2442	0.054697742	0.054948846
2443	0.053345134	0.054171438
2444	0.051537111	0.055187588
2445	0.051691557	0.056399249
2446	0.050695511	0.057404295
2447	0.048812793	0.058313814
2448	0.048705995	0.058761406
2449	0.046283679	0.05920446
2450	0.043199322	0.060395493
2451	0.042611428	0.060030872
2452	0.041232455	0.059378154
2453	0.041260302	0.058979018
2454	0.044412036	0.057233487
2455	0.044862004	0.056401195
2456	0.045165057	0.055685561
2457	0.04581891	0.054652138
2458	0.043032587	0.055677422
2459	0.042699445	0.057055089
2460	0.0438976	0.058152159
2461	0.043296493	0.05937856
2462	0.044227306	0.057980618
2463	0.044526332	0.05615639
2464	0.043958841	0.0566867
2465	0.043754177	0.055600649
2466	0.04199478	0.05509378
2467	0.040023289	0.056290919
2468	0.03971516	0.054869659
2469	0.03981218	0.05508208
2470	0.040412091	0.056538498
2471	0.043080664	0.05656132
2472	0.043301211	0.05619304
2473	0.041441217	0.054213441
2474	0.041577135	0.052394956
2475	0.041278158	0.050952605
2476	0.040461983	0.049671784
2477	0.039991382	0.050694974
2478	0.038450348	0.052208767
2479	0.037390632	0.05321081
2480	0.040081582	0.054025672
2481	0.043046289	0.053722375
2482	0.045590348	0.052745765
2483	0.046867611	0.050922292
2484	0.043454512	0.051689611
2485	0.040845166	0.052386874
2486	0.041027895	0.05213531
2487	0.042123575	0.053896787
2488	0.042718247	0.052877782
2489	0.041044067	0.051055292
2490	0.038750837	0.050568827
2491	0.037557305	0.049694577
2492	0.037676	0.049898417
2493	0.037937255	0.052017261
2494	0.039273818	0.053233216
2495	0.040530041	0.052809189
2496	0.042677742	0.052856507
2497	0.046723599	0.054198015
2498	0.049280672	0.056193217
2499	0.047897632	0.059137486
2500	0.044617655	0.058828153
