#Pinus sylvestris needle WEIGHTED (1/3 current-year + 2/3 old) reflectance and transmittance, 20160725, from Specchio		
#Hovi A.,  Raitio P., Rautiainen M. (2017). A spectral analysis of 25 boreal tree species. Silva Fennica vol. 51 no. 4 article id 7753. https://doi.org/10.14214/sf.7753		
#wl	R_weighted	T_weighted
400	0.077	0.018
401	0.077	0.018
402	0.077	0.018
403	0.077	0.018
404	0.077	0.018
405	0.077	0.017
406	0.078	0.017
407	0.078	0.017
408	0.078	0.017
409	0.078	0.017
410	0.078	0.018
411	0.079	0.018
412	0.079	0.018
413	0.079	0.018
414	0.080	0.018
415	0.080	0.018
416	0.081	0.018
417	0.081	0.019
418	0.082	0.019
419	0.082	0.019
420	0.083	0.019
421	0.083	0.020
422	0.083	0.020
423	0.084	0.020
424	0.084	0.021
425	0.085	0.021
426	0.085	0.021
427	0.086	0.021
428	0.086	0.022
429	0.087	0.022
430	0.087	0.022
431	0.087	0.023
432	0.088	0.023
433	0.088	0.023
434	0.088	0.024
435	0.088	0.024
436	0.089	0.024
437	0.089	0.024
438	0.089	0.025
439	0.089	0.025
440	0.090	0.025
441	0.090	0.025
442	0.090	0.025
443	0.090	0.025
444	0.090	0.026
445	0.090	0.026
446	0.091	0.026
447	0.091	0.026
448	0.091	0.026
449	0.091	0.027
450	0.091	0.027
451	0.091	0.027
452	0.091	0.027
453	0.092	0.027
454	0.092	0.027
455	0.092	0.027
456	0.092	0.027
457	0.092	0.028
458	0.092	0.028
459	0.092	0.028
460	0.092	0.028
461	0.092	0.028
462	0.092	0.028
463	0.092	0.028
464	0.092	0.028
465	0.091	0.028
466	0.091	0.028
467	0.091	0.028
468	0.091	0.028
469	0.091	0.028
470	0.091	0.028
471	0.091	0.028
472	0.091	0.028
473	0.091	0.028
474	0.091	0.028
475	0.091	0.028
476	0.091	0.028
477	0.091	0.028
478	0.090	0.028
479	0.090	0.029
480	0.090	0.029
481	0.090	0.029
482	0.090	0.029
483	0.090	0.029
484	0.090	0.029
485	0.090	0.029
486	0.090	0.029
487	0.090	0.029
488	0.090	0.029
489	0.090	0.029
490	0.090	0.029
491	0.090	0.029
492	0.090	0.029
493	0.090	0.029
494	0.090	0.029
495	0.091	0.030
496	0.091	0.030
497	0.091	0.030
498	0.091	0.030
499	0.092	0.030
500	0.092	0.031
501	0.093	0.031
502	0.093	0.031
503	0.094	0.032
504	0.094	0.032
505	0.095	0.033
506	0.096	0.033
507	0.097	0.034
508	0.098	0.034
509	0.099	0.035
510	0.100	0.036
511	0.101	0.037
512	0.103	0.038
513	0.104	0.039
514	0.106	0.040
515	0.108	0.041
516	0.110	0.043
517	0.112	0.044
518	0.114	0.046
519	0.116	0.047
520	0.118	0.049
521	0.120	0.050
522	0.122	0.052
523	0.125	0.054
524	0.127	0.055
525	0.129	0.057
526	0.130	0.058
527	0.132	0.060
528	0.134	0.061
529	0.135	0.062
530	0.137	0.064
531	0.138	0.065
532	0.139	0.066
533	0.140	0.067
534	0.141	0.067
535	0.141	0.068
536	0.142	0.069
537	0.143	0.069
538	0.143	0.070
539	0.143	0.070
540	0.144	0.070
541	0.144	0.071
542	0.144	0.071
543	0.145	0.071
544	0.145	0.072
545	0.145	0.072
546	0.146	0.072
547	0.146	0.073
548	0.146	0.073
549	0.146	0.073
550	0.146	0.073
551	0.147	0.073
552	0.147	0.074
553	0.146	0.074
554	0.146	0.073
555	0.146	0.073
556	0.145	0.073
557	0.144	0.072
558	0.144	0.072
559	0.143	0.071
560	0.142	0.071
561	0.140	0.070
562	0.139	0.069
563	0.138	0.068
564	0.137	0.067
565	0.135	0.066
566	0.134	0.065
567	0.133	0.064
568	0.131	0.063
569	0.130	0.062
570	0.128	0.061
571	0.127	0.060
572	0.125	0.059
573	0.124	0.058
574	0.122	0.057
575	0.121	0.056
576	0.120	0.056
577	0.118	0.055
578	0.117	0.054
579	0.116	0.053
580	0.115	0.053
581	0.114	0.052
582	0.114	0.052
583	0.113	0.051
584	0.112	0.051
585	0.111	0.050
586	0.110	0.050
587	0.110	0.050
588	0.109	0.049
589	0.109	0.049
590	0.108	0.049
591	0.108	0.048
592	0.107	0.048
593	0.107	0.048
594	0.106	0.048
595	0.106	0.047
596	0.106	0.047
597	0.105	0.047
598	0.105	0.047
599	0.105	0.047
600	0.104	0.047
601	0.104	0.047
602	0.104	0.046
603	0.103	0.046
604	0.103	0.046
605	0.102	0.046
606	0.102	0.045
607	0.101	0.045
608	0.100	0.044
609	0.099	0.044
610	0.099	0.044
611	0.098	0.043
612	0.097	0.043
613	0.096	0.042
614	0.096	0.042
615	0.095	0.041
616	0.094	0.041
617	0.094	0.041
618	0.093	0.040
619	0.093	0.040
620	0.092	0.040
621	0.092	0.039
622	0.091	0.039
623	0.091	0.039
624	0.091	0.039
625	0.090	0.039
626	0.090	0.039
627	0.090	0.039
628	0.090	0.039
629	0.090	0.039
630	0.090	0.039
631	0.089	0.038
632	0.089	0.038
633	0.089	0.038
634	0.089	0.038
635	0.088	0.038
636	0.088	0.038
637	0.088	0.038
638	0.087	0.037
639	0.086	0.037
640	0.086	0.037
641	0.085	0.036
642	0.085	0.036
643	0.084	0.036
644	0.083	0.035
645	0.082	0.035
646	0.082	0.034
647	0.081	0.034
648	0.081	0.034
649	0.080	0.033
650	0.080	0.033
651	0.079	0.033
652	0.079	0.032
653	0.078	0.032
654	0.078	0.032
655	0.077	0.032
656	0.077	0.032
657	0.077	0.031
658	0.076	0.031
659	0.076	0.031
660	0.075	0.030
661	0.075	0.030
662	0.074	0.030
663	0.074	0.029
664	0.073	0.029
665	0.073	0.029
666	0.072	0.029
667	0.072	0.028
668	0.072	0.028
669	0.071	0.028
670	0.071	0.028
671	0.071	0.028
672	0.071	0.028
673	0.071	0.027
674	0.071	0.027
675	0.071	0.027
676	0.071	0.027
677	0.071	0.027
678	0.071	0.027
679	0.072	0.027
680	0.072	0.027
681	0.072	0.028
682	0.073	0.028
683	0.073	0.028
684	0.074	0.028
685	0.074	0.029
686	0.075	0.029
687	0.076	0.030
688	0.078	0.031
689	0.079	0.032
690	0.081	0.034
691	0.084	0.036
692	0.087	0.038
693	0.091	0.041
694	0.095	0.044
695	0.100	0.048
696	0.106	0.052
697	0.112	0.057
698	0.119	0.062
699	0.126	0.068
700	0.134	0.074
701	0.142	0.081
702	0.150	0.088
703	0.159	0.096
704	0.168	0.104
705	0.178	0.112
706	0.187	0.121
707	0.196	0.129
708	0.206	0.138
709	0.216	0.147
710	0.225	0.156
711	0.235	0.166
712	0.245	0.175
713	0.255	0.184
714	0.264	0.194
715	0.274	0.203
716	0.283	0.213
717	0.293	0.222
718	0.302	0.231
719	0.311	0.241
720	0.320	0.250
721	0.329	0.259
722	0.338	0.267
723	0.346	0.276
724	0.354	0.284
725	0.362	0.292
726	0.370	0.300
727	0.377	0.307
728	0.384	0.314
729	0.390	0.321
730	0.397	0.327
731	0.402	0.333
732	0.408	0.338
733	0.413	0.344
734	0.418	0.349
735	0.423	0.353
736	0.427	0.358
737	0.431	0.362
738	0.435	0.365
739	0.439	0.369
740	0.442	0.372
741	0.445	0.375
742	0.448	0.378
743	0.450	0.380
744	0.453	0.383
745	0.455	0.385
746	0.457	0.387
747	0.459	0.388
748	0.460	0.390
749	0.462	0.392
750	0.463	0.393
751	0.465	0.394
752	0.466	0.395
753	0.467	0.396
754	0.468	0.397
755	0.469	0.397
756	0.469	0.398
757	0.470	0.398
758	0.471	0.399
759	0.471	0.399
760	0.472	0.400
761	0.472	0.400
762	0.472	0.400
763	0.473	0.400
764	0.473	0.401
765	0.473	0.401
766	0.474	0.401
767	0.474	0.401
768	0.474	0.401
769	0.474	0.401
770	0.474	0.401
771	0.475	0.401
772	0.475	0.401
773	0.475	0.401
774	0.475	0.401
775	0.475	0.401
776	0.475	0.401
777	0.475	0.401
778	0.475	0.401
779	0.475	0.401
780	0.475	0.401
781	0.476	0.401
782	0.476	0.401
783	0.476	0.401
784	0.476	0.401
785	0.476	0.401
786	0.476	0.401
787	0.476	0.401
788	0.476	0.401
789	0.476	0.401
790	0.476	0.401
791	0.476	0.401
792	0.476	0.401
793	0.476	0.401
794	0.477	0.401
795	0.477	0.401
796	0.477	0.401
797	0.477	0.401
798	0.477	0.401
799	0.477	0.401
800	0.477	0.401
801	0.477	0.401
802	0.477	0.401
803	0.477	0.401
804	0.477	0.401
805	0.477	0.401
806	0.477	0.401
807	0.477	0.401
808	0.478	0.401
809	0.478	0.401
810	0.478	0.401
811	0.478	0.401
812	0.478	0.401
813	0.478	0.401
814	0.478	0.401
815	0.478	0.401
816	0.478	0.401
817	0.478	0.401
818	0.478	0.401
819	0.478	0.401
820	0.478	0.401
821	0.478	0.401
822	0.479	0.401
823	0.479	0.401
824	0.479	0.401
825	0.479	0.401
826	0.479	0.401
827	0.479	0.401
828	0.479	0.401
829	0.479	0.401
830	0.479	0.401
831	0.479	0.401
832	0.479	0.401
833	0.479	0.401
834	0.479	0.401
835	0.479	0.401
836	0.479	0.401
837	0.480	0.401
838	0.480	0.401
839	0.480	0.401
840	0.480	0.401
841	0.480	0.401
842	0.480	0.401
843	0.480	0.401
844	0.480	0.401
845	0.480	0.401
846	0.481	0.401
847	0.481	0.401
848	0.481	0.401
849	0.481	0.401
850	0.481	0.401
851	0.481	0.401
852	0.481	0.401
853	0.481	0.401
854	0.481	0.401
855	0.481	0.401
856	0.482	0.401
857	0.482	0.401
858	0.482	0.401
859	0.482	0.401
860	0.482	0.401
861	0.482	0.401
862	0.482	0.401
863	0.482	0.401
864	0.482	0.401
865	0.482	0.401
866	0.482	0.401
867	0.483	0.401
868	0.483	0.401
869	0.483	0.401
870	0.483	0.401
871	0.483	0.401
872	0.483	0.401
873	0.483	0.401
874	0.483	0.401
875	0.483	0.401
876	0.483	0.401
877	0.483	0.401
878	0.483	0.401
879	0.483	0.401
880	0.483	0.401
881	0.483	0.401
882	0.483	0.401
883	0.483	0.401
884	0.483	0.401
885	0.484	0.401
886	0.484	0.401
887	0.484	0.401
888	0.484	0.400
889	0.484	0.400
890	0.484	0.400
891	0.484	0.400
892	0.484	0.400
893	0.484	0.400
894	0.484	0.400
895	0.484	0.400
896	0.484	0.400
897	0.484	0.400
898	0.484	0.400
899	0.484	0.400
900	0.484	0.400
901	0.484	0.400
902	0.484	0.400
903	0.484	0.399
904	0.484	0.399
905	0.484	0.399
906	0.484	0.399
907	0.484	0.399
908	0.484	0.399
909	0.484	0.399
910	0.484	0.399
911	0.484	0.399
912	0.484	0.399
913	0.484	0.399
914	0.484	0.398
915	0.484	0.398
916	0.484	0.398
917	0.484	0.398
918	0.484	0.398
919	0.484	0.398
920	0.483	0.398
921	0.483	0.398
922	0.483	0.397
923	0.483	0.397
924	0.483	0.397
925	0.483	0.397
926	0.483	0.397
927	0.483	0.397
928	0.483	0.396
929	0.483	0.396
930	0.483	0.396
931	0.482	0.396
932	0.482	0.395
933	0.482	0.395
934	0.482	0.395
935	0.482	0.395
936	0.481	0.394
937	0.481	0.394
938	0.481	0.393
939	0.481	0.393
940	0.480	0.393
941	0.480	0.392
942	0.480	0.392
943	0.479	0.391
944	0.479	0.391
945	0.478	0.391
946	0.478	0.390
947	0.478	0.389
948	0.477	0.389
949	0.476	0.388
950	0.476	0.388
951	0.475	0.387
952	0.475	0.386
953	0.474	0.385
954	0.473	0.384
955	0.472	0.384
956	0.472	0.383
957	0.471	0.382
958	0.471	0.382
959	0.470	0.381
960	0.469	0.380
961	0.469	0.380
962	0.469	0.379
963	0.468	0.379
964	0.468	0.379
965	0.468	0.378
966	0.468	0.378
967	0.467	0.378
968	0.467	0.377
969	0.467	0.377
970	0.467	0.377
971	0.467	0.377
972	0.467	0.377
973	0.467	0.377
974	0.467	0.376
975	0.467	0.376
976	0.467	0.376
977	0.467	0.376
978	0.467	0.376
979	0.467	0.376
980	0.467	0.376
981	0.467	0.376
982	0.467	0.376
983	0.467	0.376
984	0.467	0.376
985	0.467	0.376
986	0.467	0.377
987	0.468	0.377
988	0.468	0.377
989	0.468	0.377
990	0.468	0.377
991	0.468	0.377
992	0.469	0.377
993	0.469	0.378
994	0.469	0.378
995	0.469	0.378
996	0.470	0.378
997	0.470	0.379
998	0.470	0.379
999	0.471	0.379
1000	0.472	0.380
1001	0.472	0.380
1002	0.472	0.380
1003	0.473	0.381
1004	0.473	0.381
1005	0.474	0.381
1006	0.474	0.382
1007	0.475	0.382
1008	0.475	0.382
1009	0.475	0.383
1010	0.476	0.383
1011	0.476	0.383
1012	0.477	0.383
1013	0.477	0.384
1014	0.477	0.384
1015	0.478	0.384
1016	0.478	0.384
1017	0.478	0.385
1018	0.479	0.385
1019	0.479	0.385
1020	0.479	0.385
1021	0.479	0.385
1022	0.480	0.386
1023	0.480	0.386
1024	0.480	0.386
1025	0.481	0.386
1026	0.481	0.387
1027	0.481	0.387
1028	0.481	0.387
1029	0.482	0.387
1030	0.482	0.388
1031	0.482	0.388
1032	0.482	0.388
1033	0.483	0.388
1034	0.483	0.388
1035	0.483	0.389
1036	0.483	0.389
1037	0.484	0.389
1038	0.484	0.389
1039	0.484	0.389
1040	0.484	0.389
1041	0.485	0.390
1042	0.485	0.390
1043	0.485	0.390
1044	0.485	0.390
1045	0.485	0.390
1046	0.485	0.390
1047	0.486	0.390
1048	0.486	0.391
1049	0.486	0.391
1050	0.486	0.391
1051	0.486	0.391
1052	0.486	0.391
1053	0.487	0.391
1054	0.487	0.391
1055	0.487	0.391
1056	0.487	0.391
1057	0.487	0.391
1058	0.487	0.391
1059	0.487	0.392
1060	0.487	0.392
1061	0.488	0.392
1062	0.488	0.392
1063	0.488	0.392
1064	0.488	0.392
1065	0.488	0.392
1066	0.488	0.392
1067	0.488	0.392
1068	0.488	0.392
1069	0.488	0.392
1070	0.488	0.392
1071	0.488	0.392
1072	0.488	0.392
1073	0.488	0.392
1074	0.488	0.392
1075	0.488	0.392
1076	0.488	0.392
1077	0.488	0.392
1078	0.488	0.392
1079	0.488	0.392
1080	0.488	0.392
1081	0.488	0.392
1082	0.488	0.392
1083	0.488	0.392
1084	0.488	0.392
1085	0.488	0.392
1086	0.488	0.392
1087	0.488	0.392
1088	0.488	0.391
1089	0.488	0.391
1090	0.488	0.391
1091	0.488	0.391
1092	0.488	0.391
1093	0.488	0.391
1094	0.488	0.391
1095	0.487	0.391
1096	0.487	0.391
1097	0.487	0.391
1098	0.487	0.391
1099	0.487	0.390
1100	0.487	0.390
1101	0.487	0.390
1102	0.487	0.390
1103	0.487	0.390
1104	0.486	0.390
1105	0.486	0.390
1106	0.486	0.390
1107	0.486	0.389
1108	0.486	0.389
1109	0.486	0.389
1110	0.486	0.389
1111	0.485	0.389
1112	0.485	0.389
1113	0.485	0.388
1114	0.485	0.388
1115	0.485	0.388
1116	0.484	0.388
1117	0.484	0.388
1118	0.484	0.387
1119	0.483	0.387
1120	0.483	0.387
1121	0.483	0.386
1122	0.482	0.386
1123	0.482	0.386
1124	0.481	0.385
1125	0.481	0.385
1126	0.480	0.384
1127	0.479	0.383
1128	0.479	0.383
1129	0.478	0.382
1130	0.477	0.381
1131	0.476	0.380
1132	0.475	0.379
1133	0.474	0.378
1134	0.472	0.377
1135	0.471	0.376
1136	0.470	0.374
1137	0.468	0.373
1138	0.467	0.372
1139	0.465	0.370
1140	0.464	0.369
1141	0.462	0.367
1142	0.460	0.366
1143	0.459	0.364
1144	0.457	0.363
1145	0.455	0.361
1146	0.454	0.360
1147	0.452	0.358
1148	0.451	0.357
1149	0.449	0.355
1150	0.448	0.354
1151	0.446	0.353
1152	0.445	0.351
1153	0.444	0.350
1154	0.442	0.349
1155	0.441	0.348
1156	0.440	0.347
1157	0.439	0.346
1158	0.438	0.345
1159	0.437	0.345
1160	0.437	0.344
1161	0.436	0.343
1162	0.435	0.343
1163	0.435	0.342
1164	0.434	0.342
1165	0.434	0.341
1166	0.433	0.341
1167	0.433	0.341
1168	0.432	0.340
1169	0.432	0.340
1170	0.432	0.340
1171	0.431	0.340
1172	0.431	0.339
1173	0.431	0.339
1174	0.431	0.339
1175	0.430	0.339
1176	0.430	0.338
1177	0.430	0.338
1178	0.430	0.338
1179	0.429	0.338
1180	0.429	0.338
1181	0.429	0.337
1182	0.428	0.337
1183	0.428	0.337
1184	0.428	0.337
1185	0.428	0.337
1186	0.427	0.336
1187	0.427	0.336
1188	0.427	0.336
1189	0.427	0.336
1190	0.426	0.336
1191	0.426	0.335
1192	0.426	0.335
1193	0.426	0.335
1194	0.426	0.335
1195	0.426	0.335
1196	0.426	0.335
1197	0.426	0.335
1198	0.426	0.335
1199	0.426	0.335
1200	0.426	0.335
1201	0.426	0.335
1202	0.426	0.335
1203	0.426	0.335
1204	0.426	0.335
1205	0.426	0.335
1206	0.426	0.336
1207	0.426	0.336
1208	0.427	0.336
1209	0.427	0.336
1210	0.427	0.336
1211	0.427	0.337
1212	0.428	0.337
1213	0.428	0.337
1214	0.428	0.338
1215	0.428	0.338
1216	0.429	0.338
1217	0.429	0.338
1218	0.430	0.339
1219	0.430	0.339
1220	0.430	0.339
1221	0.431	0.340
1222	0.431	0.340
1223	0.431	0.341
1224	0.432	0.341
1225	0.432	0.341
1226	0.433	0.342
1227	0.433	0.342
1228	0.433	0.342
1229	0.434	0.343
1230	0.434	0.343
1231	0.435	0.343
1232	0.435	0.344
1233	0.435	0.344
1234	0.436	0.344
1235	0.436	0.345
1236	0.436	0.345
1237	0.437	0.345
1238	0.437	0.346
1239	0.437	0.346
1240	0.438	0.346
1241	0.438	0.346
1242	0.438	0.347
1243	0.439	0.347
1244	0.439	0.347
1245	0.439	0.347
1246	0.439	0.348
1247	0.440	0.348
1248	0.440	0.348
1249	0.440	0.348
1250	0.440	0.349
1251	0.441	0.349
1252	0.441	0.349
1253	0.441	0.349
1254	0.441	0.349
1255	0.441	0.349
1256	0.441	0.350
1257	0.442	0.350
1258	0.442	0.350
1259	0.442	0.350
1260	0.442	0.350
1261	0.442	0.350
1262	0.442	0.350
1263	0.442	0.350
1264	0.442	0.350
1265	0.442	0.350
1266	0.442	0.350
1267	0.442	0.350
1268	0.442	0.351
1269	0.442	0.351
1270	0.442	0.351
1271	0.442	0.350
1272	0.442	0.350
1273	0.442	0.350
1274	0.442	0.350
1275	0.442	0.350
1276	0.442	0.350
1277	0.442	0.350
1278	0.442	0.350
1279	0.442	0.350
1280	0.441	0.350
1281	0.441	0.350
1282	0.441	0.349
1283	0.441	0.349
1284	0.441	0.349
1285	0.440	0.349
1286	0.440	0.349
1287	0.440	0.348
1288	0.440	0.348
1289	0.439	0.348
1290	0.439	0.348
1291	0.438	0.347
1292	0.438	0.347
1293	0.438	0.346
1294	0.437	0.346
1295	0.437	0.346
1296	0.436	0.345
1297	0.436	0.345
1298	0.435	0.344
1299	0.435	0.344
1300	0.434	0.343
1301	0.433	0.343
1302	0.433	0.342
1303	0.432	0.341
1304	0.431	0.341
1305	0.430	0.340
1306	0.429	0.339
1307	0.429	0.338
1308	0.428	0.338
1309	0.427	0.337
1310	0.426	0.336
1311	0.425	0.335
1312	0.424	0.334
1313	0.423	0.333
1314	0.422	0.332
1315	0.420	0.331
1316	0.419	0.330
1317	0.418	0.329
1318	0.417	0.328
1319	0.415	0.327
1320	0.414	0.325
1321	0.413	0.324
1322	0.411	0.323
1323	0.410	0.322
1324	0.408	0.320
1325	0.407	0.319
1326	0.405	0.318
1327	0.404	0.316
1328	0.402	0.315
1329	0.400	0.313
1330	0.399	0.312
1331	0.397	0.310
1332	0.395	0.309
1333	0.394	0.307
1334	0.392	0.306
1335	0.390	0.304
1336	0.389	0.303
1337	0.387	0.301
1338	0.385	0.300
1339	0.384	0.298
1340	0.382	0.297
1341	0.380	0.295
1342	0.379	0.294
1343	0.377	0.292
1344	0.375	0.291
1345	0.374	0.290
1346	0.372	0.288
1347	0.371	0.287
1348	0.369	0.286
1349	0.368	0.284
1350	0.366	0.283
1351	0.365	0.282
1352	0.363	0.281
1353	0.362	0.279
1354	0.360	0.278
1355	0.359	0.277
1356	0.357	0.276
1357	0.356	0.274
1358	0.354	0.273
1359	0.353	0.272
1360	0.351	0.270
1361	0.349	0.269
1362	0.348	0.267
1363	0.346	0.266
1364	0.344	0.264
1365	0.342	0.263
1366	0.340	0.261
1367	0.338	0.259
1368	0.336	0.257
1369	0.334	0.255
1370	0.331	0.252
1371	0.328	0.250
1372	0.326	0.247
1373	0.322	0.245
1374	0.319	0.242
1375	0.316	0.239
1376	0.312	0.235
1377	0.308	0.232
1378	0.304	0.228
1379	0.300	0.225
1380	0.296	0.221
1381	0.291	0.217
1382	0.286	0.212
1383	0.281	0.208
1384	0.276	0.203
1385	0.271	0.199
1386	0.265	0.194
1387	0.260	0.189
1388	0.254	0.184
1389	0.248	0.179
1390	0.242	0.174
1391	0.237	0.169
1392	0.231	0.164
1393	0.225	0.159
1394	0.219	0.154
1395	0.214	0.149
1396	0.208	0.144
1397	0.203	0.140
1398	0.197	0.135
1399	0.192	0.131
1400	0.187	0.127
1401	0.182	0.123
1402	0.178	0.119
1403	0.173	0.115
1404	0.169	0.112
1405	0.165	0.108
1406	0.161	0.105
1407	0.158	0.102
1408	0.154	0.100
1409	0.151	0.097
1410	0.148	0.095
1411	0.145	0.093
1412	0.143	0.091
1413	0.140	0.089
1414	0.138	0.087
1415	0.136	0.085
1416	0.134	0.084
1417	0.132	0.083
1418	0.131	0.081
1419	0.129	0.080
1420	0.128	0.079
1421	0.126	0.078
1422	0.125	0.077
1423	0.124	0.076
1424	0.123	0.076
1425	0.122	0.075
1426	0.121	0.074
1427	0.120	0.074
1428	0.119	0.073
1429	0.119	0.073
1430	0.118	0.072
1431	0.118	0.072
1432	0.117	0.071
1433	0.117	0.071
1434	0.116	0.071
1435	0.116	0.071
1436	0.115	0.070
1437	0.115	0.070
1438	0.115	0.070
1439	0.114	0.070
1440	0.114	0.070
1441	0.114	0.070
1442	0.114	0.069
1443	0.114	0.069
1444	0.114	0.069
1445	0.113	0.069
1446	0.113	0.069
1447	0.113	0.069
1448	0.113	0.069
1449	0.113	0.069
1450	0.113	0.069
1451	0.113	0.069
1452	0.113	0.069
1453	0.114	0.070
1454	0.114	0.070
1455	0.114	0.070
1456	0.114	0.070
1457	0.114	0.070
1458	0.114	0.070
1459	0.114	0.070
1460	0.115	0.071
1461	0.115	0.071
1462	0.115	0.071
1463	0.116	0.071
1464	0.116	0.072
1465	0.116	0.072
1466	0.117	0.072
1467	0.117	0.073
1468	0.118	0.073
1469	0.118	0.074
1470	0.119	0.074
1471	0.120	0.074
1472	0.120	0.075
1473	0.121	0.076
1474	0.122	0.076
1475	0.122	0.077
1476	0.123	0.077
1477	0.124	0.078
1478	0.125	0.079
1479	0.126	0.079
1480	0.126	0.080
1481	0.127	0.081
1482	0.128	0.081
1483	0.129	0.082
1484	0.130	0.083
1485	0.131	0.084
1486	0.132	0.084
1487	0.133	0.085
1488	0.134	0.086
1489	0.135	0.087
1490	0.136	0.088
1491	0.137	0.088
1492	0.138	0.089
1493	0.139	0.090
1494	0.140	0.091
1495	0.141	0.092
1496	0.142	0.093
1497	0.143	0.094
1498	0.144	0.094
1499	0.145	0.095
1500	0.146	0.096
1501	0.148	0.097
1502	0.149	0.098
1503	0.150	0.099
1504	0.151	0.100
1505	0.152	0.101
1506	0.153	0.102
1507	0.154	0.103
1508	0.155	0.104
1509	0.157	0.105
1510	0.158	0.106
1511	0.159	0.107
1512	0.160	0.108
1513	0.161	0.109
1514	0.162	0.110
1515	0.163	0.111
1516	0.165	0.112
1517	0.166	0.113
1518	0.167	0.114
1519	0.168	0.115
1520	0.169	0.116
1521	0.170	0.116
1522	0.171	0.117
1523	0.173	0.118
1524	0.174	0.119
1525	0.175	0.120
1526	0.176	0.121
1527	0.177	0.122
1528	0.178	0.123
1529	0.179	0.124
1530	0.180	0.125
1531	0.181	0.126
1532	0.182	0.127
1533	0.184	0.128
1534	0.185	0.129
1535	0.186	0.130
1536	0.187	0.131
1537	0.188	0.132
1538	0.189	0.133
1539	0.190	0.133
1540	0.191	0.134
1541	0.192	0.135
1542	0.193	0.136
1543	0.194	0.137
1544	0.195	0.138
1545	0.196	0.139
1546	0.197	0.140
1547	0.198	0.141
1548	0.199	0.142
1549	0.200	0.143
1550	0.201	0.143
1551	0.202	0.144
1552	0.203	0.145
1553	0.204	0.146
1554	0.205	0.147
1555	0.206	0.148
1556	0.207	0.149
1557	0.208	0.150
1558	0.209	0.150
1559	0.210	0.151
1560	0.211	0.152
1561	0.212	0.153
1562	0.213	0.154
1563	0.214	0.154
1564	0.215	0.155
1565	0.216	0.156
1566	0.216	0.157
1567	0.217	0.158
1568	0.218	0.158
1569	0.219	0.159
1570	0.220	0.160
1571	0.221	0.161
1572	0.222	0.162
1573	0.222	0.162
1574	0.223	0.163
1575	0.224	0.164
1576	0.225	0.165
1577	0.226	0.165
1578	0.227	0.166
1579	0.227	0.167
1580	0.228	0.168
1581	0.229	0.168
1582	0.230	0.169
1583	0.231	0.170
1584	0.231	0.170
1585	0.232	0.171
1586	0.233	0.172
1587	0.234	0.173
1588	0.235	0.173
1589	0.235	0.174
1590	0.236	0.175
1591	0.237	0.175
1592	0.238	0.176
1593	0.239	0.177
1594	0.239	0.178
1595	0.240	0.178
1596	0.241	0.179
1597	0.242	0.180
1598	0.242	0.180
1599	0.243	0.181
1600	0.244	0.182
1601	0.245	0.182
1602	0.245	0.183
1603	0.246	0.184
1604	0.247	0.184
1605	0.248	0.185
1606	0.248	0.186
1607	0.249	0.186
1608	0.250	0.187
1609	0.251	0.188
1610	0.251	0.188
1611	0.252	0.189
1612	0.253	0.190
1613	0.253	0.190
1614	0.254	0.191
1615	0.255	0.191
1616	0.255	0.192
1617	0.256	0.193
1618	0.256	0.193
1619	0.257	0.194
1620	0.258	0.194
1621	0.258	0.195
1622	0.259	0.195
1623	0.259	0.196
1624	0.260	0.196
1625	0.260	0.197
1626	0.261	0.197
1627	0.261	0.198
1628	0.262	0.198
1629	0.262	0.198
1630	0.263	0.199
1631	0.263	0.199
1632	0.264	0.200
1633	0.264	0.200
1634	0.265	0.201
1635	0.265	0.201
1636	0.266	0.202
1637	0.266	0.202
1638	0.267	0.202
1639	0.267	0.203
1640	0.268	0.203
1641	0.268	0.204
1642	0.268	0.204
1643	0.269	0.204
1644	0.269	0.205
1645	0.270	0.205
1646	0.270	0.205
1647	0.270	0.206
1648	0.270	0.206
1649	0.271	0.206
1650	0.271	0.206
1651	0.271	0.207
1652	0.271	0.207
1653	0.271	0.207
1654	0.272	0.207
1655	0.272	0.207
1656	0.272	0.207
1657	0.272	0.207
1658	0.272	0.207
1659	0.272	0.207
1660	0.272	0.207
1661	0.272	0.207
1662	0.272	0.207
1663	0.272	0.207
1664	0.272	0.207
1665	0.271	0.207
1666	0.271	0.207
1667	0.271	0.207
1668	0.271	0.207
1669	0.271	0.207
1670	0.271	0.207
1671	0.271	0.207
1672	0.270	0.207
1673	0.270	0.206
1674	0.270	0.206
1675	0.270	0.206
1676	0.269	0.206
1677	0.269	0.206
1678	0.269	0.205
1679	0.269	0.205
1680	0.268	0.205
1681	0.268	0.205
1682	0.267	0.204
1683	0.267	0.204
1684	0.266	0.204
1685	0.266	0.203
1686	0.266	0.203
1687	0.265	0.203
1688	0.265	0.202
1689	0.264	0.202
1690	0.264	0.201
1691	0.263	0.201
1692	0.262	0.200
1693	0.262	0.200
1694	0.261	0.200
1695	0.261	0.199
1696	0.260	0.199
1697	0.260	0.198
1698	0.259	0.198
1699	0.258	0.197
1700	0.258	0.197
1701	0.257	0.196
1702	0.257	0.196
1703	0.256	0.195
1704	0.255	0.195
1705	0.255	0.195
1706	0.254	0.194
1707	0.254	0.194
1708	0.253	0.193
1709	0.253	0.193
1710	0.252	0.192
1711	0.252	0.192
1712	0.251	0.191
1713	0.251	0.191
1714	0.250	0.191
1715	0.249	0.190
1716	0.249	0.190
1717	0.248	0.189
1718	0.248	0.189
1719	0.247	0.189
1720	0.247	0.188
1721	0.246	0.188
1722	0.246	0.187
1723	0.246	0.187
1724	0.245	0.187
1725	0.245	0.186
1726	0.244	0.186
1727	0.244	0.186
1728	0.243	0.185
1729	0.243	0.185
1730	0.243	0.184
1731	0.242	0.184
1732	0.242	0.184
1733	0.241	0.183
1734	0.241	0.183
1735	0.240	0.182
1736	0.240	0.182
1737	0.239	0.182
1738	0.239	0.181
1739	0.238	0.181
1740	0.238	0.180
1741	0.237	0.180
1742	0.237	0.179
1743	0.236	0.179
1744	0.236	0.178
1745	0.235	0.178
1746	0.235	0.177
1747	0.234	0.177
1748	0.233	0.176
1749	0.233	0.176
1750	0.232	0.175
1751	0.231	0.175
1752	0.231	0.174
1753	0.230	0.173
1754	0.229	0.173
1755	0.229	0.172
1756	0.228	0.172
1757	0.228	0.171
1758	0.227	0.171
1759	0.226	0.170
1760	0.226	0.170
1761	0.225	0.169
1762	0.225	0.169
1763	0.224	0.168
1764	0.224	0.168
1765	0.223	0.167
1766	0.223	0.167
1767	0.222	0.166
1768	0.222	0.166
1769	0.221	0.166
1770	0.221	0.165
1771	0.220	0.165
1772	0.220	0.165
1773	0.220	0.164
1774	0.219	0.164
1775	0.219	0.164
1776	0.219	0.164
1777	0.219	0.163
1778	0.218	0.163
1779	0.218	0.163
1780	0.218	0.163
1781	0.218	0.163
1782	0.217	0.162
1783	0.217	0.162
1784	0.217	0.162
1785	0.217	0.162
1786	0.217	0.162
1787	0.217	0.162
1788	0.217	0.162
1789	0.217	0.162
1790	0.217	0.162
1791	0.217	0.162
1792	0.217	0.162
1793	0.217	0.162
1794	0.217	0.162
1795	0.217	0.162
1796	0.217	0.162
1797	0.217	0.162
1798	0.217	0.162
1799	0.217	0.162
1800	0.217	0.162
1801	0.217	0.162
1802	0.217	0.162
1803	0.217	0.162
1804	0.217	0.162
1805	0.217	0.162
1806	0.217	0.163
1807	0.217	0.163
1808	0.217	0.163
1809	0.217	0.163
1810	0.217	0.163
1811	0.218	0.163
1812	0.218	0.163
1813	0.218	0.163
1814	0.218	0.163
1815	0.218	0.163
1816	0.218	0.163
1817	0.218	0.163
1818	0.218	0.164
1819	0.218	0.164
1820	0.218	0.164
1821	0.218	0.164
1822	0.218	0.164
1823	0.218	0.164
1824	0.218	0.164
1825	0.218	0.164
1826	0.218	0.164
1827	0.218	0.164
1828	0.218	0.164
1829	0.218	0.164
1830	0.218	0.163
1831	0.217	0.163
1832	0.217	0.163
1833	0.217	0.163
1834	0.217	0.163
1835	0.216	0.162
1836	0.216	0.162
1837	0.215	0.162
1838	0.215	0.161
1839	0.215	0.161
1840	0.214	0.161
1841	0.213	0.160
1842	0.213	0.159
1843	0.212	0.159
1844	0.211	0.158
1845	0.210	0.157
1846	0.209	0.156
1847	0.208	0.155
1848	0.207	0.154
1849	0.206	0.153
1850	0.204	0.152
1851	0.203	0.151
1852	0.201	0.149
1853	0.200	0.148
1854	0.198	0.146
1855	0.196	0.145
1856	0.194	0.143
1857	0.192	0.141
1858	0.190	0.139
1859	0.187	0.137
1860	0.185	0.135
1861	0.182	0.132
1862	0.179	0.130
1863	0.176	0.127
1864	0.173	0.125
1865	0.170	0.122
1866	0.166	0.119
1867	0.163	0.116
1868	0.159	0.113
1869	0.155	0.109
1870	0.151	0.106
1871	0.147	0.103
1872	0.143	0.100
1873	0.139	0.096
1874	0.135	0.093
1875	0.131	0.089
1876	0.126	0.086
1877	0.122	0.083
1878	0.118	0.079
1879	0.114	0.076
1880	0.110	0.073
1881	0.106	0.070
1882	0.102	0.067
1883	0.098	0.064
1884	0.094	0.061
1885	0.090	0.058
1886	0.087	0.056
1887	0.083	0.053
1888	0.080	0.051
1889	0.077	0.049
1890	0.074	0.047
1891	0.071	0.045
1892	0.068	0.043
1893	0.066	0.041
1894	0.063	0.040
1895	0.061	0.038
1896	0.059	0.037
1897	0.057	0.036
1898	0.055	0.035
1899	0.053	0.034
1900	0.052	0.033
1901	0.050	0.032
1902	0.049	0.031
1903	0.048	0.030
1904	0.047	0.030
1905	0.046	0.029
1906	0.045	0.029
1907	0.044	0.028
1908	0.044	0.028
1909	0.043	0.027
1910	0.042	0.027
1911	0.042	0.027
1912	0.042	0.027
1913	0.041	0.026
1914	0.041	0.026
1915	0.041	0.026
1916	0.040	0.026
1917	0.040	0.026
1918	0.040	0.026
1919	0.040	0.026
1920	0.040	0.025
1921	0.039	0.025
1922	0.039	0.025
1923	0.039	0.025
1924	0.039	0.025
1925	0.039	0.025
1926	0.039	0.025
1927	0.039	0.025
1928	0.039	0.025
1929	0.039	0.025
1930	0.039	0.025
1931	0.039	0.025
1932	0.039	0.025
1933	0.039	0.025
1934	0.039	0.026
1935	0.039	0.026
1936	0.039	0.026
1937	0.039	0.026
1938	0.039	0.026
1939	0.039	0.026
1940	0.040	0.026
1941	0.040	0.026
1942	0.040	0.026
1943	0.040	0.026
1944	0.040	0.026
1945	0.040	0.026
1946	0.040	0.026
1947	0.040	0.027
1948	0.041	0.027
1949	0.041	0.027
1950	0.041	0.027
1951	0.041	0.027
1952	0.041	0.027
1953	0.042	0.027
1954	0.042	0.027
1955	0.042	0.028
1956	0.042	0.028
1957	0.043	0.028
1958	0.043	0.028
1959	0.043	0.028
1960	0.043	0.028
1961	0.044	0.028
1962	0.044	0.028
1963	0.044	0.029
1964	0.045	0.029
1965	0.045	0.029
1966	0.045	0.029
1967	0.046	0.029
1968	0.046	0.029
1969	0.046	0.030
1970	0.047	0.030
1971	0.047	0.030
1972	0.047	0.030
1973	0.048	0.030
1974	0.048	0.031
1975	0.048	0.031
1976	0.049	0.031
1977	0.049	0.031
1978	0.049	0.032
1979	0.050	0.032
1980	0.050	0.032
1981	0.050	0.032
1982	0.051	0.033
1983	0.051	0.033
1984	0.051	0.033
1985	0.052	0.033
1986	0.052	0.034
1987	0.053	0.034
1988	0.053	0.034
1989	0.053	0.034
1990	0.054	0.035
1991	0.054	0.035
1992	0.055	0.035
1993	0.055	0.035
1994	0.055	0.036
1995	0.056	0.036
1996	0.056	0.036
1997	0.057	0.036
1998	0.057	0.037
1999	0.058	0.037
2000	0.058	0.037
2001	0.059	0.038
2002	0.059	0.038
2003	0.059	0.038
2004	0.060	0.038
2005	0.060	0.039
2006	0.061	0.039
2007	0.061	0.039
2008	0.062	0.040
2009	0.062	0.040
2010	0.063	0.040
2011	0.063	0.040
2012	0.063	0.041
2013	0.064	0.041
2014	0.064	0.041
2015	0.065	0.042
2016	0.065	0.042
2017	0.065	0.042
2018	0.066	0.042
2019	0.066	0.043
2020	0.067	0.043
2021	0.067	0.043
2022	0.067	0.044
2023	0.068	0.044
2024	0.068	0.044
2025	0.068	0.044
2026	0.069	0.045
2027	0.069	0.045
2028	0.070	0.045
2029	0.070	0.046
2030	0.070	0.046
2031	0.071	0.046
2032	0.071	0.046
2033	0.071	0.047
2034	0.072	0.047
2035	0.072	0.047
2036	0.072	0.047
2037	0.073	0.048
2038	0.073	0.048
2039	0.074	0.048
2040	0.074	0.048
2041	0.074	0.049
2042	0.075	0.049
2043	0.075	0.049
2044	0.075	0.049
2045	0.076	0.049
2046	0.076	0.050
2047	0.076	0.050
2048	0.076	0.050
2049	0.077	0.050
2050	0.077	0.051
2051	0.077	0.051
2052	0.078	0.051
2053	0.078	0.051
2054	0.078	0.051
2055	0.079	0.052
2056	0.079	0.052
2057	0.079	0.052
2058	0.079	0.052
2059	0.080	0.053
2060	0.080	0.053
2061	0.080	0.053
2062	0.081	0.053
2063	0.081	0.054
2064	0.081	0.054
2065	0.082	0.054
2066	0.082	0.054
2067	0.082	0.055
2068	0.082	0.055
2069	0.083	0.055
2070	0.083	0.055
2071	0.083	0.056
2072	0.084	0.056
2073	0.084	0.056
2074	0.084	0.056
2075	0.085	0.057
2076	0.085	0.057
2077	0.085	0.057
2078	0.086	0.057
2079	0.086	0.058
2080	0.086	0.058
2081	0.087	0.058
2082	0.087	0.058
2083	0.087	0.059
2084	0.088	0.059
2085	0.088	0.059
2086	0.088	0.060
2087	0.089	0.060
2088	0.089	0.060
2089	0.089	0.060
2090	0.090	0.061
2091	0.090	0.061
2092	0.090	0.061
2093	0.091	0.061
2094	0.091	0.062
2095	0.091	0.062
2096	0.092	0.062
2097	0.092	0.063
2098	0.092	0.063
2099	0.093	0.063
2100	0.093	0.063
2101	0.093	0.064
2102	0.094	0.064
2103	0.094	0.064
2104	0.094	0.065
2105	0.095	0.065
2106	0.095	0.065
2107	0.095	0.066
2108	0.096	0.066
2109	0.096	0.066
2110	0.097	0.067
2111	0.097	0.067
2112	0.097	0.067
2113	0.098	0.067
2114	0.098	0.068
2115	0.098	0.068
2116	0.099	0.068
2117	0.099	0.069
2118	0.099	0.069
2119	0.100	0.069
2120	0.100	0.070
2121	0.100	0.070
2122	0.101	0.071
2123	0.101	0.071
2124	0.101	0.071
2125	0.102	0.072
2126	0.102	0.072
2127	0.102	0.072
2128	0.103	0.072
2129	0.103	0.073
2130	0.104	0.073
2131	0.104	0.073
2132	0.104	0.074
2133	0.105	0.074
2134	0.105	0.074
2135	0.105	0.074
2136	0.105	0.075
2137	0.106	0.075
2138	0.106	0.075
2139	0.106	0.075
2140	0.107	0.076
2141	0.107	0.076
2142	0.107	0.076
2143	0.108	0.076
2144	0.108	0.077
2145	0.108	0.077
2146	0.109	0.077
2147	0.109	0.077
2148	0.109	0.078
2149	0.109	0.078
2150	0.110	0.078
2151	0.110	0.078
2152	0.110	0.079
2153	0.111	0.079
2154	0.111	0.079
2155	0.111	0.079
2156	0.111	0.080
2157	0.112	0.080
2158	0.112	0.080
2159	0.112	0.081
2160	0.112	0.081
2161	0.113	0.081
2162	0.113	0.081
2163	0.113	0.082
2164	0.113	0.082
2165	0.114	0.082
2166	0.114	0.082
2167	0.114	0.083
2168	0.114	0.083
2169	0.115	0.083
2170	0.115	0.083
2171	0.115	0.083
2172	0.115	0.084
2173	0.115	0.084
2174	0.116	0.084
2175	0.116	0.084
2176	0.116	0.085
2177	0.116	0.085
2178	0.117	0.085
2179	0.117	0.085
2180	0.117	0.085
2181	0.118	0.086
2182	0.118	0.086
2183	0.118	0.086
2184	0.118	0.086
2185	0.119	0.087
2186	0.119	0.087
2187	0.119	0.087
2188	0.119	0.087
2189	0.120	0.088
2190	0.120	0.088
2191	0.120	0.088
2192	0.120	0.088
2193	0.120	0.089
2194	0.121	0.089
2195	0.121	0.089
2196	0.121	0.089
2197	0.121	0.089
2198	0.121	0.089
2199	0.121	0.090
2200	0.122	0.090
2201	0.122	0.090
2202	0.122	0.090
2203	0.122	0.090
2204	0.122	0.090
2205	0.122	0.090
2206	0.122	0.090
2207	0.123	0.090
2208	0.123	0.091
2209	0.123	0.091
2210	0.123	0.091
2211	0.123	0.091
2212	0.123	0.091
2213	0.123	0.091
2214	0.123	0.091
2215	0.123	0.091
2216	0.123	0.091
2217	0.123	0.091
2218	0.123	0.091
2219	0.123	0.091
2220	0.123	0.091
2221	0.123	0.091
2222	0.123	0.091
2223	0.123	0.091
2224	0.123	0.091
2225	0.123	0.091
2226	0.122	0.091
2227	0.122	0.091
2228	0.122	0.090
2229	0.122	0.090
2230	0.121	0.090
2231	0.121	0.090
2232	0.121	0.090
2233	0.121	0.089
2234	0.120	0.089
2235	0.120	0.089
2236	0.119	0.089
2237	0.119	0.088
2238	0.119	0.088
2239	0.118	0.087
2240	0.118	0.087
2241	0.117	0.087
2242	0.117	0.086
2243	0.116	0.086
2244	0.115	0.085
2245	0.115	0.085
2246	0.114	0.084
2247	0.114	0.084
2248	0.113	0.083
2249	0.112	0.083
2250	0.112	0.082
2251	0.111	0.082
2252	0.111	0.081
2253	0.110	0.081
2254	0.109	0.080
2255	0.109	0.080
2256	0.108	0.079
2257	0.107	0.079
2258	0.107	0.078
2259	0.106	0.078
2260	0.106	0.077
2261	0.105	0.077
2262	0.104	0.076
2263	0.104	0.076
2264	0.103	0.076
2265	0.102	0.075
2266	0.102	0.075
2267	0.101	0.074
2268	0.101	0.074
2269	0.100	0.074
2270	0.100	0.073
2271	0.099	0.073
2272	0.099	0.073
2273	0.098	0.072
2274	0.098	0.072
2275	0.098	0.072
2276	0.097	0.072
2277	0.097	0.071
2278	0.097	0.071
2279	0.096	0.071
2280	0.096	0.070
2281	0.096	0.070
2282	0.095	0.070
2283	0.095	0.070
2284	0.095	0.069
2285	0.095	0.069
2286	0.094	0.069
2287	0.094	0.068
2288	0.094	0.068
2289	0.094	0.068
2290	0.093	0.067
2291	0.093	0.067
2292	0.092	0.067
2293	0.092	0.066
2294	0.092	0.066
2295	0.091	0.066
2296	0.091	0.065
2297	0.090	0.065
2298	0.090	0.065
2299	0.089	0.065
2300	0.089	0.065
2301	0.089	0.064
2302	0.088	0.064
2303	0.088	0.064
2304	0.088	0.064
2305	0.088	0.063
2306	0.087	0.063
2307	0.087	0.063
2308	0.087	0.063
2309	0.086	0.063
2310	0.086	0.062
2311	0.086	0.062
2312	0.086	0.062
2313	0.085	0.062
2314	0.085	0.062
2315	0.085	0.061
2316	0.084	0.061
2317	0.084	0.061
2318	0.084	0.061
2319	0.084	0.061
2320	0.083	0.061
2321	0.083	0.060
2322	0.083	0.060
2323	0.083	0.060
2324	0.082	0.060
2325	0.082	0.060
2326	0.082	0.060
2327	0.082	0.059
2328	0.081	0.059
2329	0.081	0.059
2330	0.081	0.059
2331	0.081	0.059
2332	0.080	0.059
2333	0.080	0.058
2334	0.080	0.058
2335	0.080	0.058
2336	0.079	0.058
2337	0.079	0.058
2338	0.079	0.058
2339	0.079	0.057
2340	0.078	0.057
2341	0.078	0.057
2342	0.078	0.057
2343	0.078	0.057
2344	0.077	0.057
2345	0.077	0.056
2346	0.077	0.056
2347	0.077	0.056
2348	0.076	0.056
2349	0.076	0.056
2350	0.076	0.055
2351	0.076	0.055
2352	0.075	0.055
2353	0.075	0.055
2354	0.075	0.055
2355	0.075	0.055
2356	0.074	0.054
2357	0.074	0.054
2358	0.074	0.054
2359	0.073	0.054
2360	0.073	0.054
2361	0.073	0.054
2362	0.073	0.053
2363	0.072	0.053
2364	0.072	0.053
2365	0.072	0.053
2366	0.072	0.053
2367	0.071	0.053
2368	0.071	0.052
2369	0.071	0.052
2370	0.071	0.052
2371	0.070	0.052
2372	0.070	0.052
2373	0.070	0.052
2374	0.070	0.052
2375	0.069	0.052
2376	0.069	0.051
2377	0.069	0.051
2378	0.069	0.051
2379	0.068	0.051
2380	0.068	0.051
2381	0.068	0.051
2382	0.068	0.051
2383	0.067	0.050
2384	0.067	0.050
2385	0.067	0.050
2386	0.067	0.050
2387	0.066	0.050
2388	0.066	0.050
2389	0.066	0.050
2390	0.066	0.049
2391	0.065	0.049
2392	0.065	0.049
2393	0.065	0.049
2394	0.065	0.049
2395	0.064	0.048
2396	0.064	0.048
2397	0.064	0.048
2398	0.064	0.048
2399	0.063	0.048
2400	0.063	0.048
2401	0.063	0.047
2402	0.062	0.047
2403	0.062	0.047
2404	0.062	0.047
2405	0.061	0.047
2406	0.061	0.046
2407	0.061	0.046
2408	0.060	0.046
2409	0.060	0.046
2410	0.060	0.045
2411	0.059	0.045
2412	0.059	0.045
2413	0.059	0.045
2414	0.058	0.045
2415	0.058	0.044
2416	0.058	0.044
2417	0.057	0.044
2418	0.057	0.044
2419	0.056	0.043
2420	0.056	0.043
2421	0.056	0.043
2422	0.055	0.043
2423	0.055	0.043
2424	0.055	0.042
2425	0.054	0.042
2426	0.054	0.042
2427	0.054	0.042
2428	0.053	0.042
2429	0.053	0.042
2430	0.053	0.041
2431	0.052	0.041
2432	0.052	0.041
2433	0.052	0.041
2434	0.051	0.041
2435	0.051	0.041
2436	0.051	0.041
2437	0.051	0.041
2438	0.050	0.041
2439	0.050	0.041
2440	0.050	0.040
2441	0.050	0.040
2442	0.049	0.040
2443	0.049	0.040
2444	0.049	0.040
2445	0.049	0.040
2446	0.049	0.040
2447	0.048	0.040
2448	0.048	0.040
2449	0.048	0.040
2450	0.048	0.040
2451	0.048	0.040
2452	0.048	0.040
2453	0.047	0.040
2454	0.047	0.040
2455	0.047	0.039
2456	0.047	0.039
2457	0.047	0.039
2458	0.047	0.039
2459	0.047	0.039
2460	0.047	0.039
2461	0.047	0.039
2462	0.047	0.039
2463	0.046	0.039
2464	0.046	0.039
2465	0.046	0.039
2466	0.046	0.039
2467	0.046	0.039
2468	0.046	0.039
2469	0.046	0.039
2470	0.046	0.039
2471	0.046	0.039
2472	0.046	0.039
2473	0.046	0.039
2474	0.046	0.039
2475	0.046	0.039
2476	0.046	0.039
2477	0.046	0.039
2478	0.046	0.038
2479	0.046	0.038
2480	0.046	0.038
2481	0.046	0.038
2482	0.046	0.038
2483	0.046	0.038
2484	0.046	0.038
2485	0.047	0.038
2486	0.047	0.038
2487	0.047	0.038
2488	0.047	0.038
2489	0.047	0.038
2490	0.047	0.038
2491	0.047	0.038
2492	0.047	0.038
2493	0.047	0.038
2494	0.047	0.038
2495	0.047	0.038
2496	0.048	0.038
2497	0.048	0.038
2498	0.048	0.038
2499	0.048	0.038
2500	0.048	0.038
