#Betula pendula leaf mean reflectance and transmittance, July, from Specchio		
#Hovi A.,  Raitio P., Rautiainen M. (2017). A spectral analysis of 25 boreal tree species. Silva Fennica vol. 51 no. 4 article id 7753. https://doi.org/10.14214/sf.7753		
#wl	R	T
400	0.051184362	0.001769633
401	0.051900862	0.001849081
402	0.052566694	0.001935873
403	0.053181611	0.002030121
404	0.053745638	0.00213157
405	0.054258639	0.002240437
406	0.054720805	0.002356647
407	0.055132056	0.002480189
408	0.055938029	0.0028229
409	0.056160667	0.00297093
410	0.055856833	0.002820076
411	0.055457527	0.002350487
412	0.055667195	0.002418531
413	0.056546999	0.003034935
414	0.057512471	0.003663525
415	0.058200279	0.004422836
416	0.058662443	0.005067814
417	0.059055887	0.005362499
418	0.059615416	0.005417443
419	0.060704834	0.005987874
420	0.061881194	0.006723627
421	0.062719166	0.007205894
422	0.06336825	0.00781458
423	0.064210751	0.008625328
424	0.064857721	0.009175114
425	0.064813972	0.009043067
426	0.065236472	0.009081308
427	0.065665472	0.009036992
428	0.065804112	0.008863028
429	0.066146918	0.009070503
430	0.066359665	0.009006542
431	0.066574612	0.008827153
432	0.067050221	0.009003589
433	0.067643861	0.009469403
434	0.068281304	0.009948983
435	0.068852223	0.010350205
436	0.06925914	0.010738081
437	0.069611749	0.010970586
438	0.069967556	0.011082958
439	0.070433833	0.011233764
440	0.071091752	0.011546192
441	0.071603279	0.011828614
442	0.07196836	0.012059184
443	0.072404722	0.012330611
444	0.072852945	0.012581447
445	0.073477444	0.0130034
446	0.074304638	0.013651105
447	0.075073112	0.014313053
448	0.075639637	0.014835045
449	0.076027917	0.015206667
450	0.076368029	0.015533444
451	0.076738779	0.015855861
452	0.077050665	0.016133019
453	0.077273779	0.01636745
454	0.077555972	0.016668714
455	0.077960445	0.017079889
456	0.078311111	0.017459194
457	0.078426305	0.017666472
458	0.078397473	0.017760584
459	0.078509806	0.017963278
460	0.078736695	0.018259889
461	0.078828889	0.018437417
462	0.078803306	0.018456972
463	0.07880375	0.018516111
464	0.078870777	0.018675528
465	0.078851223	0.018708278
466	0.078692501	0.018632278
467	0.078634222	0.018636361
468	0.078862945	0.018839028
469	0.079037583	0.019024528
470	0.079065	0.019131556
471	0.079041777	0.019214
472	0.079104555	0.019348555
473	0.079346919	0.019567555
474	0.079522999	0.019720833
475	0.079435583	0.019719556
476	0.079400416	0.019756694
477	0.079475806	0.019923584
478	0.079572194	0.020125667
479	0.079594111	0.020212611
480	0.079718084	0.020375194
481	0.079964474	0.020613945
482	0.080248111	0.020879861
483	0.080505222	0.021194222
484	0.08077125	0.021504944
485	0.0809815	0.021763694
486	0.081098	0.021987778
487	0.08123275	0.022202
488	0.081281557	0.022388916
489	0.081316998	0.022598194
490	0.081563584	0.022924334
491	0.08179511	0.023246139
492	0.082022138	0.023551333
493	0.082404194	0.023949111
494	0.08306403	0.024573583
495	0.083781834	0.025271084
496	0.084455556	0.025965972
497	0.085148362	0.026691556
498	0.085891723	0.027439777
499	0.086677666	0.028278472
500	0.087493333	0.029236444
501	0.088393749	0.030311028
502	0.089437082	0.031477916
503	0.090620331	0.032764527
504	0.09189253	0.034220777
505	0.093215196	0.035805166
506	0.094741553	0.037600444
507	0.096505667	0.0395975
508	0.098355417	0.041666999
509	0.100309945	0.043846834
510	0.102418665	0.04619775
511	0.104699945	0.04873464
512	0.107120968	0.051418416
513	0.109667834	0.054235472
514	0.112346193	0.057189806
515	0.115146138	0.060252333
516	0.118045555	0.063365554
517	0.121026808	0.066574834
518	0.124102525	0.069913305
519	0.127321612	0.07334736
520	0.130610306	0.076810777
521	0.133863501	0.080226891
522	0.137046723	0.083573334
523	0.140326971	0.086997777
524	0.143611332	0.090391083
525	0.146789415	0.093633443
526	0.149843611	0.096725916
527	0.152769694	0.099708471
528	0.155501474	0.102517223
529	0.157995919	0.105079334
530	0.160295416	0.107433528
531	0.162398998	0.109597221
532	0.164313972	0.11158653
533	0.166048056	0.113408193
534	0.167589191	0.115067
535	0.168947168	0.116539694
536	0.170158442	0.117837695
537	0.171295138	0.11906475
538	0.172287002	0.120156778
539	0.173128029	0.12111189
540	0.173873721	0.121996945
541	0.174555693	0.122817637
542	0.175190028	0.123562526
543	0.17576975	0.124233305
544	0.176280502	0.124854222
545	0.176778417	0.12547314
546	0.177271053	0.126090806
547	0.177725334	0.126675086
548	0.178171359	0.127209721
549	0.178589612	0.127701111
550	0.178951055	0.128158031
551	0.179211415	0.128555002
552	0.179276112	0.128778668
553	0.179160278	0.128836723
554	0.178909276	0.128770029
555	0.178510528	0.128548581
556	0.177941527	0.128172643
557	0.17719258	0.127645832
558	0.176268585	0.126967695
559	0.175219111	0.126166776
560	0.174046248	0.125230027
561	0.172769081	0.124161081
562	0.171437668	0.123012669
563	0.170050362	0.121784223
564	0.16858886	0.120464025
565	0.16702975	0.119044861
566	0.16536714	0.117509833
567	0.163602306	0.115865722
568	0.161757194	0.114142111
569	0.159905387	0.112405695
570	0.158033581	0.110641528
571	0.156106915	0.108822528
572	0.154134918	0.106966306
573	0.15224142	0.10517736
574	0.150413612	0.103447834
575	0.148639057	0.101787278
576	0.146948196	0.100236055
577	0.145367945	0.098741502
578	0.143888334	0.097337527
579	0.142482195	0.096038917
580	0.141128888	0.094765861
581	0.139852306	0.0935665
582	0.138682444	0.092480445
583	0.137613276	0.091492223
584	0.136590777	0.090530831
585	0.135612303	0.089608308
586	0.134712111	0.088756943
587	0.133927001	0.087998083
588	0.133153919	0.087281056
589	0.132400529	0.086611971
590	0.13171961	0.085999139
591	0.131114805	0.085417138
592	0.130551584	0.084887443
593	0.130016221	0.084410666
594	0.129535524	0.083981695
595	0.129112361	0.083638221
596	0.128707888	0.083328361
597	0.128312225	0.083028946
598	0.127976889	0.08280886
599	0.127659222	0.082598556
600	0.127319777	0.082344724
601	0.126938637	0.082042666
602	0.126494722	0.081711251
603	0.125978248	0.081290666
604	0.125386169	0.080738055
605	0.1247235	0.080073556
606	0.123959472	0.079294305
607	0.123107694	0.078430556
608	0.122203473	0.077518804
609	0.121269248	0.076551083
610	0.120295666	0.075519389
611	0.119285697	0.074458443
612	0.118272193	0.073421778
613	0.117242942	0.072370445
614	0.116243528	0.071342751
615	0.115304112	0.070373973
616	0.11437214	0.069431333
617	0.11349714	0.068534805
618	0.112693222	0.067701499
619	0.11194028	0.066929139
620	0.111272193	0.066245085
621	0.110688696	0.065663639
622	0.110187111	0.065172166
623	0.109769501	0.064745722
624	0.109387834	0.064372693
625	0.109063279	0.064078278
626	0.108824333	0.063881166
627	0.108631723	0.063744389
628	0.10847825	0.063643501
629	0.10834611	0.063557526
630	0.108212752	0.063474666
631	0.108068082	0.063385
632	0.107842276	0.063215056
633	0.107511805	0.06292975
634	0.107128166	0.062569361
635	0.106638335	0.062096167
636	0.106006889	0.061474581
637	0.105230164	0.060689418
638	0.104348863	0.059775471
639	0.10339	0.058758417
640	0.102359917	0.057650444
641	0.101260917	0.056459167
642	0.100131304	0.055220973
643	0.099022168	0.053975943
644	0.097946584	0.052740444
645	0.096837863	0.051485972
646	0.095773832	0.050273222
647	0.094814	0.049157194
648	0.093957974	0.04815839
649	0.093171474	0.047257833
650	0.092429278	0.046418001
651	0.091721334	0.045616556
652	0.091058416	0.044855445
653	0.090437389	0.044134472
654	0.089840083	0.043435583
655	0.089236722	0.042722167
656	0.088580582	0.041943944
657	0.08788514	0.041096889
658	0.087136112	0.040163556
659	0.086298778	0.039112945
660	0.085445167	0.038010223
661	0.084574361	0.036878111
662	0.083666973	0.035716083
663	0.082725418	0.034523194
664	0.081787279	0.033314611
665	0.080893694	0.032130305
666	0.080077722	0.031020361
667	0.079356612	0.030006695
668	0.078735362	0.029102084
669	0.078206304	0.028303611
670	0.077754195	0.027596278
671	0.077422389	0.027002056
672	0.077205195	0.026509944
673	0.077083445	0.026107056
674	0.077051555	0.025806445
675	0.077105473	0.025573889
676	0.077232166	0.025392722
677	0.077429888	0.025276861
678	0.077757499	0.025259833
679	0.078219778	0.02537425
680	0.078807057	0.025632862
681	0.079528334	0.026036778
682	0.080462	0.026699139
683	0.081632193	0.027689417
684	0.083045111	0.029047361
685	0.084758667	0.030826249
686	0.086803	0.033105222
687	0.089224529	0.035960028
688	0.092093471	0.039454916
689	0.095509583	0.043663111
690	0.099476389	0.048607612
691	0.104012054	0.054294028
692	0.109205583	0.060727055
693	0.115021972	0.06784022
694	0.121446613	0.075572748
695	0.128477497	0.083863305
696	0.136067331	0.092618249
697	0.144162111	0.101756111
698	0.152672723	0.111159304
699	0.161490971	0.120686829
700	0.170539195	0.130287193
701	0.179768167	0.139884833
702	0.189128168	0.149418056
703	0.198533885	0.158863056
704	0.207909167	0.168155
705	0.217247222	0.177282225
706	0.226568054	0.186257228
707	0.235808894	0.19505417
708	0.244964439	0.203686945
709	0.25403361	0.212161668
710	0.263021663	0.220478334
711	0.271957777	0.228684444
712	0.280824445	0.236764722
713	0.289598331	0.244706668
714	0.298298337	0.252532504
715	0.30691389	0.260224447
716	0.315419726	0.26777833
717	0.323791102	0.275206663
718	0.332056947	0.282508887
719	0.340185836	0.289674997
720	0.348138884	0.296683617
721	0.355886392	0.303509451
722	0.363426663	0.310128339
723	0.370735005	0.316527784
724	0.377781108	0.32270278
725	0.384551108	0.328638054
726	0.391024999	0.334318615
727	0.397213332	0.339734726
728	0.403127782	0.344880275
729	0.408743061	0.349754445
730	0.41405721	0.354370281
731	0.41908139	0.358739726
732	0.423823617	0.362866387
733	0.42827417	0.36676278
734	0.432428889	0.370433614
735	0.436304443	0.373873889
736	0.439929716	0.377080277
737	0.443284161	0.380084448
738	0.446380273	0.38290444
739	0.449248604	0.385540552
740	0.451879725	0.3880025
741	0.454299435	0.390275836
742	0.456520833	0.392377503
743	0.458537772	0.394330554
744	0.460375831	0.396138884
745	0.462048896	0.397809446
746	0.463558055	0.399347223
747	0.46490249	0.400753327
748	0.466094166	0.402041383
749	0.46716056	0.403224446
750	0.468130276	0.40431945
751	0.469012789	0.405337222
752	0.469805278	0.40627417
753	0.47050833	0.407146111
754	0.471127778	0.40796639
755	0.471667223	0.408714168
756	0.472150557	0.40939945
757	0.472590283	0.410037495
758	0.472962223	0.410618886
759	0.473295003	0.411157496
760	0.473580554	0.411663331
761	0.47380694	0.412128612
762	0.474007495	0.412560828
763	0.474185832	0.412963606
764	0.474347495	0.413342223
765	0.474496663	0.413697496
766	0.474604994	0.414038889
767	0.474684164	0.414364442
768	0.474751391	0.414672501
769	0.47480306	0.414965279
770	0.474840835	0.415246941
771	0.474868894	0.415522225
772	0.474898331	0.415787779
773	0.474946387	0.416039445
774	0.474982232	0.416282222
775	0.475006387	0.416512504
776	0.475045003	0.416718334
777	0.475079998	0.416915834
778	0.475114167	0.417113051
779	0.475142777	0.417315558
780	0.475152217	0.417514168
781	0.475161105	0.417703331
782	0.475177504	0.417891666
783	0.475195274	0.418086663
784	0.475201391	0.418291382
785	0.475218885	0.418503061
786	0.475253053	0.41870556
787	0.475293614	0.418890551
788	0.475326106	0.419076391
789	0.475354724	0.419257782
790	0.475384437	0.419432506
791	0.475409992	0.419611104
792	0.475426115	0.419792503
793	0.475439444	0.419971667
794	0.475444719	0.420142226
795	0.475443333	0.420303062
796	0.475460552	0.42046278
797	0.475490287	0.420628883
798	0.47551389	0.420801945
799	0.475518607	0.420978881
800	0.475529447	0.421149731
801	0.47554972	0.421307772
802	0.47557278	0.421460554
803	0.475586116	0.421604723
804	0.475626111	0.421743892
805	0.475675553	0.42188333
806	0.475686386	0.422023609
807	0.475710832	0.422165275
808	0.475734718	0.422318332
809	0.475752227	0.422483049
810	0.47579056	0.422650009
811	0.475846112	0.42281694
812	0.475869447	0.422987498
813	0.475856394	0.423153602
814	0.475883052	0.423288606
815	0.47592666	0.423404165
816	0.475951664	0.423523895
817	0.475960277	0.423661947
818	0.475999162	0.423791669
819	0.476011388	0.42392695
820	0.475999445	0.424076669
821	0.476022229	0.424248338
822	0.476036109	0.424415834
823	0.476039447	0.424579173
824	0.476045281	0.42473805
825	0.476063609	0.424898893
826	0.476046391	0.425071396
827	0.47603862	0.425225005
828	0.476071671	0.425360553
829	0.476079158	0.425529726
830	0.476077214	0.425702773
831	0.476080284	0.425866105
832	0.476099446	0.426018879
833	0.476109721	0.426183335
834	0.476125285	0.42634277
835	0.476157218	0.426485829
836	0.476194173	0.426616676
837	0.476251386	0.426770277
838	0.476305276	0.426936664
839	0.476337224	0.427104451
840	0.476342507	0.427272499
841	0.476379171	0.427443326
842	0.476413049	0.427620836
843	0.476423614	0.427813612
844	0.476445556	0.427994996
845	0.476455279	0.428170562
846	0.476465836	0.428339168
847	0.47648111	0.428494997
848	0.476475	0.428642489
849	0.476475827	0.428791381
850	0.476499446	0.428946942
851	0.476531662	0.429108329
852	0.476525277	0.429253057
853	0.476513617	0.429385558
854	0.476529166	0.429518051
855	0.476583332	0.42966444
856	0.476638891	0.429811947
857	0.476682775	0.429977223
858	0.476707503	0.43016389
859	0.47670278	0.430346109
860	0.476684161	0.430516675
861	0.476677217	0.430703618
862	0.476668887	0.430905275
863	0.476661384	0.43109639
864	0.476654448	0.431292228
865	0.476654448	0.431495279
866	0.476656668	0.431689441
867	0.476666383	0.431856394
868	0.476666942	0.432024725
869	0.476679169	0.432165556
870	0.476701945	0.432292506
871	0.476695552	0.432455279
872	0.476684444	0.432595283
873	0.476674445	0.432716668
874	0.476676941	0.432844996
875	0.476707779	0.433004163
876	0.476743609	0.433184169
877	0.476768337	0.43335972
878	0.476804726	0.433533609
879	0.476873614	0.433707505
880	0.476938613	0.433852501
881	0.476984717	0.43397028
882	0.4770125	0.434106395
883	0.477011941	0.434235834
884	0.476990834	0.434374444
885	0.476954728	0.434522778
886	0.476940006	0.434633054
887	0.476928338	0.434777223
888	0.476898059	0.434917778
889	0.476864174	0.435048051
890	0.476850003	0.435198054
891	0.476831108	0.435353898
892	0.476839162	0.435478054
893	0.476882495	0.435578614
894	0.476922497	0.435670562
895	0.476933338	0.435771115
896	0.476913333	0.435898051
897	0.476854995	0.436043337
898	0.476800837	0.436179161
899	0.476768881	0.436308332
900	0.476763614	0.436435558
901	0.476760559	0.43656639
902	0.476726107	0.436659448
903	0.476713896	0.436782219
904	0.476733893	0.436957218
905	0.476764172	0.43714083
906	0.476818345	0.437272497
907	0.476852782	0.437408887
908	0.476852782	0.437561661
909	0.47683917	0.437725835
910	0.476841114	0.437899724
911	0.476851106	0.438021667
912	0.47684861	0.438131385
913	0.476847775	0.438257776
914	0.476861112	0.438348331
915	0.476858333	0.438432775
916	0.4768475	0.438543051
917	0.476876661	0.438689716
918	0.476924449	0.438842781
919	0.476997502	0.438968889
920	0.47706306	0.439083338
921	0.477095276	0.439220831
922	0.477111667	0.439344168
923	0.47712139	0.439476117
924	0.477124445	0.43962805
925	0.477112226	0.439744994
926	0.477068879	0.439833611
927	0.476964436	0.439901941
928	0.476834439	0.439942218
929	0.476692781	0.440018617
930	0.476523332	0.4401225
931	0.47637333	0.440180279
932	0.476254448	0.440190829
933	0.476164445	0.440189719
934	0.476067215	0.440194443
935	0.475958891	0.440191947
936	0.475860268	0.440204442
937	0.475801386	0.44026722
938	0.475808881	0.440299161
939	0.475787781	0.440334998
940	0.475703053	0.440373614
941	0.475568622	0.440428607
942	0.475456662	0.440454438
943	0.475354441	0.440456383
944	0.475227773	0.440441385
945	0.475100555	0.440393336
946	0.47492861	0.440342225
947	0.4747575	0.440240555
948	0.474543609	0.440090552
949	0.474248335	0.439944454
950	0.473961107	0.439868338
951	0.473662786	0.439801112
952	0.4733539	0.439728335
953	0.473000824	0.43973694
954	0.472636119	0.439722493
955	0.472320564	0.439688891
956	0.472045839	0.439652495
957	0.471770562	0.439665273
958	0.471498884	0.439717501
959	0.471280828	0.439811945
960	0.47115723	0.439870276
961	0.471137494	0.439836115
962	0.471060842	0.439808331
963	0.470890008	0.439801671
964	0.470781945	0.439841941
965	0.470724173	0.439890005
966	0.470678613	0.439889438
967	0.470702499	0.439876668
968	0.47071556	0.439868055
969	0.470686108	0.439946942
970	0.470624171	0.440075561
971	0.470508061	0.440157495
972	0.470397219	0.440170832
973	0.470373057	0.440162502
974	0.470437497	0.440114439
975	0.470375836	0.440120831
976	0.470151104	0.440180555
977	0.469886117	0.440204725
978	0.469719164	0.440213054
979	0.469532229	0.440290004
980	0.469394729	0.440353334
981	0.469414167	0.44049111
982	0.469398879	0.440766394
983	0.469372779	0.441102788
984	0.469393611	0.441397496
985	0.469395831	0.441568889
986	0.469371937	0.44167529
987	0.469474725	0.441836111
988	0.46965833	0.442008607
989	0.469798893	0.442163616
990	0.469946392	0.442238055
991	0.470007226	0.442329727
992	0.470029168	0.442438893
993	0.470003895	0.442553341
994	0.470076114	0.44235222
995	0.470161662	0.44239305
996	0.470212497	0.442704163
997	0.470247775	0.443165556
998	0.470308602	0.443624727
999	0.470446944	0.444086112
1000	0.471027501	0.444658063
1001	0.471110836	0.444930553
1002	0.471189164	0.445187502
1003	0.471294448	0.445411667
1004	0.471410275	0.445601389
1005	0.471506119	0.445809714
1006	0.471650556	0.446014166
1007	0.471778326	0.446235828
1008	0.471834719	0.44648055
1009	0.471871108	0.446720839
1010	0.471908614	0.446988329
1011	0.471938051	0.447252229
1012	0.471988618	0.447516657
1013	0.472097784	0.447785564
1014	0.47222361	0.448008887
1015	0.47233583	0.448172502
1016	0.472435832	0.448338322
1017	0.472529724	0.448524445
1018	0.472647779	0.448678054
1019	0.472776107	0.448799171
1020	0.472893335	0.448905826
1021	0.473004438	0.449151948
1022	0.473105833	0.449403055
1023	0.473187782	0.449656114
1024	0.473296389	0.44988694
1025	0.473415829	0.450105563
1026	0.473505832	0.450322494
1027	0.473606944	0.450536944
1028	0.473743334	0.450718604
1029	0.473893605	0.450911663
1030	0.474063329	0.451174438
1031	0.474241383	0.451443337
1032	0.474420838	0.451718055
1033	0.474590838	0.451979175
1034	0.474728614	0.452160276
1035	0.474845834	0.452307217
1036	0.474949166	0.452435285
1037	0.475063615	0.452567779
1038	0.475187778	0.452713333
1039	0.475333892	0.452853046
1040	0.475480832	0.4529875
1041	0.475616112	0.453105003
1042	0.475730829	0.453228332
1043	0.475816667	0.453377776
1044	0.47587195	0.453561939
1045	0.475872777	0.453800552
1046	0.475857228	0.454067774
1047	0.475854449	0.454338327
1048	0.475848891	0.454623058
1049	0.475845553	0.454871953
1050	0.475854173	0.455097497
1051	0.475840554	0.455317505
1052	0.475814164	0.455515273
1053	0.475788333	0.455689996
1054	0.475762218	0.455881938
1055	0.475728892	0.456071667
1056	0.475656942	0.456246667
1057	0.475586109	0.456411384
1058	0.475503609	0.456552781
1059	0.475408331	0.456683882
1060	0.475315273	0.456808053
1061	0.475232497	0.456936941
1062	0.475148879	0.457056664
1063	0.475078888	0.457171671
1064	0.475027502	0.457306392
1065	0.474990278	0.457440563
1066	0.474958338	0.457554996
1067	0.474913329	0.457665555
1068	0.474875003	0.457764439
1069	0.474849723	0.457808889
1070	0.47482416	0.45782695
1071	0.474811941	0.457848884
1072	0.474813893	0.45786611
1073	0.474815279	0.457879998
1074	0.474829167	0.45789583
1075	0.474858053	0.457915552
1076	0.474902228	0.457939997
1077	0.474946946	0.457946107
1078	0.474967778	0.457936108
1079	0.474985279	0.457920559
1080	0.474994719	0.457927786
1081	0.474983335	0.457957216
1082	0.474964157	0.458034724
1083	0.474945836	0.45814833
1084	0.474940002	0.458259724
1085	0.474928059	0.45834583
1086	0.474913053	0.458431669
1087	0.474903613	0.458490558
1088	0.474883333	0.458515279
1089	0.474844441	0.458529167
1090	0.474814162	0.458531938
1091	0.474792786	0.458524168
1092	0.474763334	0.458530277
1093	0.474735282	0.458552778
1094	0.474694446	0.45858445
1095	0.474647775	0.458624169
1096	0.47455889	0.458678886
1097	0.47445	0.458743058
1098	0.474333607	0.45882
1099	0.474196948	0.458910279
1100	0.474069715	0.459001392
1101	0.473948605	0.459098898
1102	0.473794729	0.459192216
1103	0.473622784	0.45926138
1104	0.473443054	0.459318332
1105	0.473266669	0.459346391
1106	0.473106392	0.459357783
1107	0.472968616	0.459358051
1108	0.472833328	0.459358335
1109	0.47271584	0.459351659
1110	0.472585276	0.45932056
1111	0.47242666	0.45928888
1112	0.472272217	0.459250838
1113	0.472121663	0.459191389
1114	0.471984997	0.45912417
1115	0.471868329	0.459051393
1116	0.471770003	0.458965279
1117	0.471683614	0.458893061
1118	0.471584164	0.458852224
1119	0.471474171	0.458818614
1120	0.471374728	0.458785273
1121	0.471270837	0.458745003
1122	0.471145004	0.458667502
1123	0.471005276	0.458544999
1124	0.470858335	0.45839639
1125	0.470690273	0.458223611
1126	0.470510282	0.458033338
1127	0.470304169	0.457846105
1128	0.470061392	0.457651667
1129	0.469766945	0.457444727
1130	0.469420552	0.457221664
1131	0.469031394	0.456980273
1132	0.468623057	0.456702225
1133	0.468189999	0.456400827
1134	0.467728332	0.456077769
1135	0.467261113	0.45572333
1136	0.466768049	0.455346949
1137	0.46624139	0.454960555
1138	0.465684719	0.454548888
1139	0.465081386	0.454118885
1140	0.464439996	0.453656942
1141	0.463775001	0.453166395
1142	0.463100009	0.452648334
1143	0.462429725	0.452101387
1144	0.461750008	0.451559171
1145	0.461057223	0.451015554
1146	0.460338056	0.450492226
1147	0.45959805	0.4499925
1148	0.45884417	0.449526384
1149	0.458101667	0.449093051
1150	0.457394719	0.448665835
1151	0.45671083	0.448258333
1152	0.456051104	0.447868891
1153	0.455425277	0.44750306
1154	0.454827771	0.447164997
1155	0.45423834	0.446866669
1156	0.453659169	0.446604714
1157	0.453106664	0.446364999
1158	0.452588886	0.446151115
1159	0.45210389	0.445958614
1160	0.451662228	0.445788898
1161	0.451270275	0.445645556
1162	0.450906113	0.445538893
1163	0.450556114	0.445461109
1164	0.450233892	0.445394717
1165	0.44992695	0.445334449
1166	0.449642219	0.445277229
1167	0.44939778	0.445201389
1168	0.449183337	0.445126675
1169	0.448980831	0.445061944
1170	0.448804997	0.444993615
1171	0.448636107	0.444944441
1172	0.448468894	0.444897771
1173	0.448310271	0.444841661
1174	0.448144168	0.444805831
1175	0.447958611	0.444781944
1176	0.447769158	0.444748066
1177	0.447582781	0.44471167
1178	0.447391942	0.444671668
1179	0.447201945	0.444623888
1180	0.447022505	0.444565557
1181	0.446838059	0.444511943
1182	0.446635276	0.444475561
1183	0.446438059	0.444450274
1184	0.446246944	0.444441669
1185	0.446063049	0.444440559
1186	0.44589667	0.444451936
1187	0.445736676	0.444459446
1188	0.445575841	0.444459721
1189	0.44541917	0.444465831
1190	0.445265003	0.444475546
1191	0.445121117	0.44449389
1192	0.444991395	0.444517776
1193	0.444863334	0.444552496
1194	0.44475361	0.444595836
1195	0.444672778	0.444640279
1196	0.44461111	0.444693059
1197	0.444573894	0.444764726
1198	0.444548883	0.444845565
1199	0.444520555	0.444917224
1200	0.444496386	0.444992222
1201	0.444488332	0.445049442
1202	0.444498882	0.445093051
1203	0.44452861	0.445144713
1204	0.444564722	0.445202783
1205	0.444602497	0.445266947
1206	0.444630839	0.445359714
1207	0.444655553	0.445465282
1208	0.444705829	0.445580833
1209	0.444771945	0.445709169
1210	0.444841109	0.44584056
1211	0.444920003	0.445981942
1212	0.445002213	0.446142785
1213	0.445090003	0.446305551
1214	0.445200004	0.446460277
1215	0.445337497	0.44661779
1216	0.445492506	0.446775004
1217	0.445655003	0.446931943
1218	0.445829161	0.44709111
1219	0.44600445	0.447259173
1220	0.446181953	0.44742167
1221	0.446374722	0.44757694
1222	0.446578056	0.447731666
1223	0.446781665	0.447896667
1224	0.446984172	0.448073328
1225	0.447188891	0.448251389
1226	0.447387777	0.448428892
1227	0.447577499	0.448605552
1228	0.447770551	0.448779166
1229	0.447974443	0.448944725
1230	0.448182501	0.449110553
1231	0.448390551	0.449280277
1232	0.448587507	0.449453607
1233	0.448750556	0.449634723
1234	0.44889611	0.449815832
1235	0.4490375	0.449990004
1236	0.449161939	0.450148337
1237	0.449283615	0.450292215
1238	0.449403889	0.450444169
1239	0.449505836	0.450608611
1240	0.449598059	0.450785279
1241	0.449678607	0.450971112
1242	0.449742496	0.451153331
1243	0.449794725	0.451333337
1244	0.449840277	0.451509714
1245	0.449875556	0.451686107
1246	0.449910276	0.451858059
1247	0.449944995	0.452030838
1248	0.449973889	0.452198334
1249	0.44999861	0.452368893
1250	0.450026117	0.452538893
1251	0.4500525	0.452702776
1252	0.450066946	0.452869728
1253	0.450084165	0.453026667
1254	0.450106107	0.453157499
1255	0.450126387	0.453278057
1256	0.450152218	0.453388058
1257	0.450176388	0.453488067
1258	0.450194173	0.453594163
1259	0.450211942	0.45370362
1260	0.45022472	0.453814447
1261	0.450223334	0.453919441
1262	0.450220272	0.454019718
1263	0.450216949	0.454109445
1264	0.450208604	0.454187497
1265	0.450196944	0.454254165
1266	0.45019611	0.454321951
1267	0.450195275	0.454395004
1268	0.450187504	0.454469994
1269	0.450183332	0.454542778
1270	0.450164169	0.454605281
1271	0.45013833	0.454642504
1272	0.450131401	0.454657786
1273	0.450120553	0.454665832
1274	0.45009084	0.454670005
1275	0.450049996	0.454674162
1276	0.449989721	0.454687223
1277	0.449908897	0.454703897
1278	0.449825287	0.45470389
1279	0.449747503	0.454688892
1280	0.449679725	0.454647772
1281	0.449605271	0.454591393
1282	0.449532777	0.454518609
1283	0.449449725	0.454450272
1284	0.449346669	0.454395831
1285	0.449236944	0.454352222
1286	0.449111387	0.454326391
1287	0.44897639	0.454296954
1288	0.448841669	0.454251118
1289	0.448688328	0.454185836
1290	0.448520564	0.454088889
1291	0.448348328	0.453964442
1292	0.448154718	0.453832224
1293	0.447946101	0.45369973
1294	0.447733335	0.453559168
1295	0.447501391	0.453414164
1296	0.447260551	0.453259997
1297	0.447016664	0.453082778
1298	0.446754999	0.452888057
1299	0.446475558	0.452676944
1300	0.446179725	0.452460833
1301	0.445860006	0.452231392
1302	0.445526116	0.451995276
1303	0.44517722	0.451758891
1304	0.444829717	0.451521389
1305	0.444483325	0.451273613
1306	0.444131389	0.451005831
1307	0.44377555	0.450728059
1308	0.443394169	0.450431392
1309	0.442992494	0.450110838
1310	0.44256556	0.449782223
1311	0.442106947	0.449435279
1312	0.441626385	0.449071951
1313	0.441129722	0.448701948
1314	0.440618612	0.448310271
1315	0.440094724	0.447896384
1316	0.439570002	0.447461665
1317	0.439041667	0.447001383
1318	0.438497782	0.446517222
1319	0.437930278	0.446028337
1320	0.437345833	0.445530564
1321	0.436727777	0.445036948
1322	0.436083056	0.44453501
1323	0.435423337	0.444011115
1324	0.434742227	0.443468332
1325	0.43404083	0.44288417
1326	0.433314174	0.442277223
1327	0.432555825	0.441650562
1328	0.431776658	0.441000007
1329	0.430975556	0.440347783
1330	0.430153057	0.439686663
1331	0.429334164	0.439016119
1332	0.428508602	0.438350007
1333	0.427673891	0.437682778
1334	0.426837228	0.437015273
1335	0.42599	0.436341114
1336	0.42512583	0.435669728
1337	0.424251661	0.435000837
1338	0.423366666	0.434334993
1339	0.422480829	0.433673047
1340	0.421608612	0.433017224
1341	0.420740001	0.432360001
1342	0.419885002	0.431696668
1343	0.419040278	0.431027494
1344	0.418188334	0.430354722
1345	0.417323895	0.429665826
1346	0.416454166	0.428973615
1347	0.41559083	0.42829027
1348	0.414730556	0.427620284
1349	0.413889453	0.426970556
1350	0.413065836	0.426335007
1351	0.412246943	0.42570138
1352	0.41143389	0.425058052
1353	0.41062361	0.424401112
1354	0.409820557	0.423748061
1355	0.409021109	0.423093051
1356	0.408218056	0.422443889
1357	0.407412775	0.421806395
1358	0.406590842	0.421168059
1359	0.405747496	0.42051889
1360	0.404883891	0.419856392
1361	0.404001951	0.419179447
1362	0.403104722	0.418486387
1363	0.402171664	0.417773612
1364	0.401193336	0.417040274
1365	0.400170557	0.416267499
1366	0.39909111	0.415450267
1367	0.397946112	0.414582781
1368	0.396733336	0.413649172
1369	0.395440556	0.412635826
1370	0.394049443	0.411519721
1371	0.39255055	0.410287499
1372	0.390931942	0.408927493
1373	0.389180832	0.407424442
1374	0.387280002	0.405789725
1375	0.385232501	0.40399722
1376	0.383038059	0.402041115
1377	0.380681388	0.399908617
1378	0.378161386	0.397588059
1379	0.375462495	0.395073339
1380	0.372564442	0.39235916
1381	0.369475834	0.389453061
1382	0.36619556	0.386355832
1383	0.362738326	0.383070275
1384	0.3591225	0.379609451
1385	0.355341382	0.375966392
1386	0.351399451	0.372135282
1387	0.347299725	0.368121669
1388	0.343051389	0.363931388
1389	0.338680826	0.359588057
1390	0.334208332	0.35511639
1391	0.329656951	0.350537769
1392	0.325039446	0.345883064
1393	0.320366949	0.341158614
1394	0.31565278	0.336374447
1395	0.31091167	0.33155223
1396	0.306166388	0.326705277
1397	0.301450558	0.321857221
1398	0.29677555	0.317036107
1399	0.29216028	0.312258609
1400	0.287617505	0.30754222
1401	0.283154994	0.302899167
1402	0.278782219	0.298338339
1403	0.274522774	0.293863334
1404	0.270380281	0.289493613
1405	0.266356394	0.285237506
1406	0.262468614	0.281112224
1407	0.258715548	0.277121663
1408	0.255110003	0.273279168
1409	0.25165889	0.269592497
1410	0.248364996	0.266052227
1411	0.245229162	0.262671661
1412	0.242246103	0.259449441
1413	0.239421949	0.256378338
1414	0.236751113	0.253466945
1415	0.234203611	0.25070028
1416	0.231786665	0.248077504
1417	0.229483336	0.245589167
1418	0.227285277	0.243223056
1419	0.225214999	0.240991946
1420	0.223275002	0.238891944
1421	0.221448056	0.236900557
1422	0.219722778	0.235013608
1423	0.218099166	0.233226664
1424	0.216563612	0.231526386
1425	0.215121944	0.229926113
1426	0.213785276	0.228445556
1427	0.212536108	0.227060277
1428	0.211365279	0.225767225
1429	0.210264999	0.224555559
1430	0.209227499	0.223420553
1431	0.20825417	0.222352501
1432	0.207347225	0.221360829
1433	0.206510555	0.220443059
1434	0.205741111	0.219595838
1435	0.205029722	0.218815278
1436	0.204376385	0.218096666
1437	0.203774724	0.217437778
1438	0.203226112	0.216839448
1439	0.20272889	0.216300555
1440	0.202270001	0.215808887
1441	0.201850001	0.215368614
1442	0.201466948	0.21497833
1443	0.201121669	0.214629166
1444	0.200821389	0.214331113
1445	0.200564444	0.214081667
1446	0.200347777	0.213877223
1447	0.200168613	0.213711943
1448	0.200023051	0.213586386
1449	0.199910834	0.213499442
1450	0.199831944	0.213456944
1451	0.199791946	0.213465832
1452	0.199786112	0.213511109
1453	0.199821111	0.213585831
1454	0.199883334	0.213687774
1455	0.199968055	0.213805556
1456	0.200076941	0.213949721
1457	0.200223055	0.214145556
1458	0.200403892	0.214380559
1459	0.200623058	0.214658611
1460	0.200895	0.214990832
1461	0.201214168	0.21537083
1462	0.201575834	0.215806667
1463	0.201989725	0.216312222
1464	0.202441666	0.216863889
1465	0.202919167	0.21745111
1466	0.203433886	0.218082219
1467	0.203983612	0.218759727
1468	0.204578329	0.21948611
1469	0.205221113	0.220264446
1470	0.205922779	0.221107226
1471	0.206668336	0.221999444
1472	0.207448334	0.222931389
1473	0.208271109	0.223908331
1474	0.20913111	0.224926941
1475	0.210028056	0.225985277
1476	0.21097083	0.227088057
1477	0.211939167	0.228213884
1478	0.212909445	0.229346663
1479	0.213902775	0.23050889
1480	0.214921393	0.23170111
1481	0.21596111	0.232923891
1482	0.217031114	0.234193891
1483	0.218127497	0.23549417
1484	0.219239723	0.236814998
1485	0.220369443	0.238151386
1486	0.221522223	0.239504717
1487	0.222693611	0.240867499
1488	0.223878056	0.242241114
1489	0.225069165	0.243616112
1490	0.226266947	0.244992223
1491	0.227472775	0.246370282
1492	0.228663612	0.247738328
1493	0.229849167	0.249107219
1494	0.231044166	0.250489999
1495	0.232253056	0.251891673
1496	0.233482782	0.253308889
1497	0.23473639	0.254742499
1498	0.235996947	0.256174717
1499	0.237241946	0.257602219
1500	0.238469999	0.259038329
1501	0.239681669	0.260469161
1502	0.240885556	0.26190611
1503	0.242087219	0.263345562
1504	0.24330195	0.264779996
1505	0.244533334	0.266209163
1506	0.245771665	0.267634444
1507	0.247010827	0.26904472
1508	0.248245001	0.270446952
1509	0.249459717	0.271839172
1510	0.250666663	0.27322612
1511	0.251869168	0.274610832
1512	0.253063887	0.275990553
1513	0.254258335	0.277373046
1514	0.255445268	0.278746113
1515	0.256602775	0.280103609
1516	0.257745836	0.281441666
1517	0.25888972	0.282770008
1518	0.260024451	0.284084439
1519	0.261152226	0.285379447
1520	0.262282778	0.286672503
1521	0.26341223	0.287965834
1522	0.264538333	0.289251387
1523	0.265663616	0.290531665
1524	0.266787216	0.291803606
1525	0.267887771	0.293059722
1526	0.268978618	0.294303887
1527	0.270061672	0.295540273
1528	0.271145828	0.296771668
1529	0.272233889	0.297984451
1530	0.273315005	0.299179718
1531	0.274398334	0.300367504
1532	0.275476113	0.301548883
1533	0.276534446	0.302731387
1534	0.277579442	0.303914167
1535	0.278608061	0.305086114
1536	0.279612772	0.306247503
1537	0.280602783	0.307397775
1538	0.28159111	0.308535546
1539	0.282585546	0.309672229
1540	0.283582501	0.310802229
1541	0.284568332	0.311908886
1542	0.28555084	0.313006386
1543	0.28651695	0.314086109
1544	0.287455559	0.31515111
1545	0.288391106	0.316208608
1546	0.289325833	0.317267217
1547	0.290256113	0.318321943
1548	0.291197784	0.31938111
1549	0.29213056	0.320430838
1550	0.293046393	0.321470559
1551	0.293939449	0.322490834
1552	0.294801936	0.323477782
1553	0.295640826	0.324438617
1554	0.296456948	0.325366393
1555	0.297259726	0.326276667
1556	0.298060276	0.327184722
1557	0.298860565	0.328094721
1558	0.29966139	0.329021111
1559	0.300461113	0.329951115
1560	0.301261663	0.33087083
1561	0.302053064	0.331778057
1562	0.302827775	0.332658619
1563	0.303593613	0.333525836
1564	0.304357223	0.33439
1565	0.305119447	0.335245281
1566	0.305882782	0.336093888
1567	0.306643613	0.336932778
1568	0.307393052	0.337755837
1569	0.308123335	0.338576667
1570	0.308831111	0.339395553
1571	0.309524447	0.340212502
1572	0.310223609	0.341022216
1573	0.310912214	0.341814727
1574	0.311594442	0.342594996
1575	0.312272221	0.34336555
1576	0.312918894	0.344136111
1577	0.31356027	0.344907776
1578	0.314202219	0.345671669
1579	0.314836115	0.3464275
1580	0.315477781	0.347168893
1581	0.316110842	0.347896941
1582	0.316736117	0.348626114
1583	0.317364156	0.349354163
1584	0.317983612	0.35008055
1585	0.318588614	0.350803889
1586	0.31917695	0.351515286
1587	0.319749445	0.352211945
1588	0.320305556	0.352901384
1589	0.320841387	0.353580832
1590	0.32137388	0.354262769
1591	0.321907774	0.354945004
1592	0.322433896	0.355605826
1593	0.322966665	0.356254168
1594	0.323498338	0.356886387
1595	0.324027494	0.357501112
1596	0.32455083	0.358108327
1597	0.325070553	0.358707495
1598	0.325573884	0.359306663
1599	0.326053336	0.359887227
1600	0.326511107	0.360460006
1601	0.32696306	0.36103861
1602	0.327421114	0.361609161
1603	0.327887774	0.362171665
1604	0.328363895	0.362736948
1605	0.328838333	0.363298886
1606	0.329307221	0.363852225
1607	0.329753049	0.364408605
1608	0.330187783	0.364960276
1609	0.330610558	0.365494438
1610	0.331028052	0.366022781
1611	0.331436381	0.366542228
1612	0.331845559	0.367058329
1613	0.332260005	0.367572226
1614	0.332668886	0.368081674
1615	0.333075836	0.368578054
1616	0.333488055	0.369073607
1617	0.333885275	0.369571388
1618	0.334281944	0.370064169
1619	0.334680557	0.370561384
1620	0.335073054	0.371053338
1621	0.335458897	0.371533886
1622	0.33584667	0.372009724
1623	0.336227767	0.372480825
1624	0.336608328	0.372953333
1625	0.336995281	0.373436943
1626	0.337368049	0.373918884
1627	0.33773277	0.374392502
1628	0.338094167	0.3748575
1629	0.33844056	0.375294164
1630	0.338773616	0.375696667
1631	0.339095555	0.376090832
1632	0.339402221	0.376467496
1633	0.339696668	0.376828887
1634	0.33997944	0.377193056
1635	0.34024778	0.377550825
1636	0.340505004	0.377903618
1637	0.340757787	0.378252223
1638	0.341009453	0.378594443
1639	0.341266386	0.378938332
1640	0.341517508	0.379270561
1641	0.341744997	0.379585274
1642	0.34196084	0.379886672
1643	0.342164449	0.38017112
1644	0.342348054	0.380440824
1645	0.342536665	0.380700283
1646	0.342717499	0.380949721
1647	0.342877507	0.381196946
1648	0.343040831	0.381441943
1649	0.343202494	0.381675281
1650	0.34335389	0.381902501
1651	0.343504727	0.382121392
1652	0.343624726	0.382326946
1653	0.343718059	0.382524438
1654	0.343809165	0.382714726
1655	0.3438875	0.382878609
1656	0.343952782	0.383016668
1657	0.344000272	0.383141108
1658	0.344023332	0.383253887
1659	0.344030268	0.383366115
1660	0.344040275	0.383480556
1661	0.344060279	0.383590281
1662	0.344066381	0.383696385
1663	0.344049446	0.383778334
1664	0.344014712	0.383861117
1665	0.343954727	0.383964725
1666	0.343886949	0.384074718
1667	0.343822777	0.38420444
1668	0.343757778	0.384331949
1669	0.343698062	0.384442225
1670	0.343633331	0.384541117
1671	0.343554161	0.384621941
1672	0.343464442	0.384709172
1673	0.343353055	0.38480778
1674	0.343229175	0.384912223
1675	0.343098879	0.38502083
1676	0.342940003	0.385114171
1677	0.342747502	0.38518583
1678	0.342526391	0.385232508
1679	0.34227556	0.385264717
1680	0.342019446	0.385299444
1681	0.341749445	0.38532611
1682	0.341468893	0.385355838
1683	0.341176942	0.38538944
1684	0.340861395	0.385419168
1685	0.340556942	0.385443896
1686	0.340250842	0.385452218
1687	0.339913055	0.385447785
1688	0.339558892	0.385429166
1689	0.339184724	0.385384448
1690	0.338784993	0.385318615
1691	0.338382497	0.385222778
1692	0.337991387	0.385117501
1693	0.33760111	0.385028891
1694	0.337208055	0.384938896
1695	0.33682473	0.384848066
1696	0.336445563	0.384744175
1697	0.336058058	0.38460806
1698	0.335676387	0.384449728
1699	0.33530388	0.384277776
1700	0.334898882	0.384101108
1701	0.334464446	0.383915275
1702	0.334029719	0.383766115
1703	0.333588056	0.383652769
1704	0.333162494	0.383520558
1705	0.332756944	0.383376949
1706	0.332353055	0.383181937
1707	0.33194305	0.38292861
1708	0.331526674	0.382660836
1709	0.331120826	0.382380277
1710	0.330711946	0.382106937
1711	0.330299452	0.381838061
1712	0.32987722	0.381541394
1713	0.329425834	0.381214447
1714	0.328945272	0.380856946
1715	0.328460559	0.380477495
1716	0.327962495	0.380083062
1717	0.327444725	0.379682221
1718	0.326932229	0.379278891
1719	0.326413333	0.378855549
1720	0.325919442	0.378445558
1721	0.325474724	0.378061116
1722	0.32505361	0.377676398
1723	0.324647769	0.377291948
1724	0.324225008	0.376911111
1725	0.323790833	0.376522496
1726	0.323391117	0.376144439
1727	0.323012777	0.375791393
1728	0.322672784	0.375466108
1729	0.322373889	0.375170551
1730	0.322088607	0.374913894
1731	0.32181666	0.374662772
1732	0.321543887	0.374397501
1733	0.3212661	0.374135278
1734	0.32098639	0.373864993
1735	0.320706941	0.373589724
1736	0.320443057	0.37334583
1737	0.320196383	0.37313056
1738	0.319930278	0.372923613
1739	0.319654718	0.372729175
1740	0.319403887	0.372545555
1741	0.319166385	0.372330837
1742	0.318958603	0.372073889
1743	0.318786941	0.371805839
1744	0.318598889	0.371495835
1745	0.318393335	0.371151671
1746	0.318157494	0.370803334
1747	0.31786944	0.370425835
1748	0.317543052	0.370025277
1749	0.317159444	0.369587779
1750	0.316708334	0.369102217
1751	0.316234991	0.368585549
1752	0.315731384	0.368039161
1753	0.315217771	0.36747694
1754	0.314713053	0.366909996
1755	0.314200275	0.366351388
1756	0.31370195	0.365794994
1757	0.313222781	0.365249723
1758	0.31276916	0.364736669
1759	0.312325276	0.364211395
1760	0.311867498	0.363665
1761	0.311408617	0.363121107
1762	0.310951389	0.362576395
1763	0.310507506	0.36206083
1764	0.310091384	0.361605555
1765	0.309692502	0.361167781
1766	0.309304163	0.360736392
1767	0.308936946	0.36031083
1768	0.30859445	0.359864719
1769	0.308265552	0.359436668
1770	0.307943605	0.359044723
1771	0.307645001	0.358684726
1772	0.307380833	0.358362496
1773	0.307139449	0.35807611
1774	0.306929715	0.357824169
1775	0.306743614	0.357584439
1776	0.306563608	0.357333608
1777	0.30640889	0.357110001
1778	0.306298606	0.356904998
1779	0.306208052	0.356721111
1780	0.306132771	0.356602781
1781	0.306052223	0.356487222
1782	0.305905275	0.35629417
1783	0.305751674	0.356103621
1784	0.305561386	0.355918057
1785	0.305378892	0.355761945
1786	0.305194445	0.355656669
1787	0.305025287	0.35557472
1788	0.304933608	0.355529167
1789	0.304930277	0.355537497
1790	0.304945551	0.355550826
1791	0.305034161	0.355599999
1792	0.305140272	0.355669439
1793	0.305201106	0.355730273
1794	0.305273056	0.355808057
1795	0.305367224	0.355916388
1796	0.305445552	0.356024452
1797	0.305505276	0.356128059
1798	0.305580832	0.356262498
1799	0.305666387	0.356413051
1800	0.305754721	0.356576666
1801	0.30587583	0.356783062
1802	0.306053884	0.357000284
1803	0.306234725	0.357179448
1804	0.306390554	0.357333049
1805	0.306552783	0.357469991
1806	0.306690834	0.357573062
1807	0.30680389	0.357702225
1808	0.30691611	0.35786055
1809	0.30704917	0.358029723
1810	0.307154439	0.358196393
1811	0.307230555	0.358354725
1812	0.307296112	0.358489163
1813	0.307342224	0.358578339
1814	0.30738055	0.358679436
1815	0.307446949	0.35882166
1816	0.307493329	0.358976118
1817	0.307488605	0.359153055
1818	0.307454996	0.359320275
1819	0.307390273	0.359430552
1820	0.307292774	0.359516665
1821	0.307216667	0.359633617
1822	0.307139166	0.359743051
1823	0.307079718	0.359864444
1824	0.307014994	0.359970555
1825	0.306993611	0.360056944
1826	0.306976944	0.360140279
1827	0.306923054	0.360205285
1828	0.306823611	0.360219166
1829	0.306696109	0.360217497
1830	0.306489721	0.360186949
1831	0.306246117	0.360123053
1832	0.305997498	0.36005
1833	0.305723615	0.359928615
1834	0.305406667	0.359758049
1835	0.305084161	0.359558329
1836	0.304759726	0.359318346
1837	0.304390557	0.359038331
1838	0.303977773	0.358704716
1839	0.303542227	0.358318612
1840	0.303020008	0.357834443
1841	0.3023775	0.357241392
1842	0.30166056	0.356536947
1843	0.300897226	0.355766945
1844	0.300068051	0.354933061
1845	0.299192779	0.354052499
1846	0.298253059	0.353110276
1847	0.297244444	0.352071948
1848	0.29614611	0.350914165
1849	0.294979729	0.349663883
1850	0.293756388	0.348321937
1851	0.292463891	0.346908331
1852	0.291089721	0.345441669
1853	0.289597772	0.343870282
1854	0.287969165	0.342175275
1855	0.286227226	0.340332501
1856	0.284393884	0.338330008
1857	0.282465279	0.336184449
1858	0.280401379	0.333881952
1859	0.278196938	0.3314225
1860	0.275821671	0.328791663
1861	0.273255549	0.325972781
1862	0.270501949	0.322944723
1863	0.267551661	0.319696397
1864	0.264381111	0.316192217
1865	0.261018608	0.312445834
1866	0.257463608	0.308461383
1867	0.253717218	0.304233894
1868	0.249820281	0.299803615
1869	0.245774996	0.295130551
1870	0.241547506	0.29019361
1871	0.237158891	0.285018332
1872	0.232613891	0.279633604
1873	0.227921944	0.274024721
1874	0.223069169	0.268196389
1875	0.218103893	0.262191948
1876	0.213005554	0.255946387
1877	0.207762219	0.249447774
1878	0.202398058	0.242737781
1879	0.196927775	0.235830002
1880	0.191404723	0.228780556
1881	0.185881946	0.221673056
1882	0.18036167	0.214489721
1883	0.174861386	0.207235001
1884	0.169410832	0.199941389
1885	0.164016113	0.192621667
1886	0.158659726	0.185291387
1887	0.153381113	0.178031385
1888	0.148211386	0.170850277
1889	0.143177224	0.163786665
1890	0.138284449	0.15686278
1891	0.133566111	0.150114998
1892	0.129068833	0.143588779
1893	0.124762192	0.137274858
1894	0.12065375	0.131212555
1895	0.116743306	0.12539136
1896	0.11300897	0.11981694
1897	0.109464251	0.114499751
1898	0.106117999	0.109426387
1899	0.102995528	0.104636753
1900	0.100061389	0.100105416
1901	0.097282751	0.0958065
1902	0.094711361	0.091782723
1903	0.092379333	0.088068917
1904	0.090244748	0.084634973
1905	0.088313779	0.081464721
1906	0.086599002	0.078567777
1907	0.085016113	0.075862058
1908	0.083536973	0.073330889
1909	0.082212278	0.071029693
1910	0.081034667	0.068940139
1911	0.079976	0.067053082
1912	0.079028696	0.065373275
1913	0.078168164	0.063864527
1914	0.077337611	0.062462749
1915	0.076551112	0.061186666
1916	0.075840862	0.060063388
1917	0.075204415	0.059058693
1918	0.074658055	0.058175361
1919	0.074164221	0.057387416
1920	0.073675306	0.05664339
1921	0.073172111	0.055916084
1922	0.072706416	0.055252832
1923	0.072282972	0.054668389
1924	0.071910749	0.054164529
1925	0.071652027	0.05378786
1926	0.071462001	0.053495333
1927	0.071319222	0.053302694
1928	0.07123847	0.053199221
1929	0.071213222	0.053172777
1930	0.071240361	0.053227999
1931	0.071303056	0.053335639
1932	0.071405944	0.0535115
1933	0.071556304	0.053757529
1934	0.071766362	0.054096388
1935	0.07199714	0.054481195
1936	0.072239583	0.054896583
1937	0.072506084	0.055342779
1938	0.072743473	0.055782277
1939	0.072964556	0.056203029
1940	0.073237498	0.056678444
1941	0.073559251	0.057210834
1942	0.073884306	0.057753445
1943	0.074221417	0.058299389
1944	0.074565946	0.058864972
1945	0.074871028	0.059409029
1946	0.075184362	0.059978362
1947	0.075556193	0.060640444
1948	0.075973946	0.061361223
1949	0.076419749	0.062135
1950	0.076851027	0.06290489
1951	0.077245973	0.06365711
1952	0.077585918	0.064372889
1953	0.077921363	0.065085834
1954	0.07826611	0.065806806
1955	0.078626167	0.066552695
1956	0.079020196	0.06735275
1957	0.079435223	0.068181056
1958	0.079869083	0.069030195
1959	0.080326084	0.069919889
1960	0.080843639	0.070872416
1961	0.081382363	0.071839028
1962	0.081914222	0.072808721
1963	0.082472055	0.073797138
1964	0.083043917	0.074802499
1965	0.08366114	0.075857501
1966	0.084322751	0.076965666
1967	0.085025417	0.078153748
1968	0.085745193	0.079381414
1969	0.086454166	0.080615502
1970	0.087177223	0.081873696
1971	0.087935887	0.083166
1972	0.088681832	0.084462276
1973	0.089418832	0.085741889
1974	0.090143943	0.087022057
1975	0.090854334	0.088302307
1976	0.091585696	0.089599056
1977	0.092343027	0.090914223
1978	0.093157111	0.092307834
1979	0.093978334	0.093715306
1980	0.094785389	0.095100248
1981	0.095572667	0.096480694
1982	0.096308168	0.097838335
1983	0.097043142	0.099204278
1984	0.097823	0.100610696
1985	0.098603057	0.102026138
1986	0.099403417	0.103431944
1987	0.1002065	0.104841221
1988	0.100947639	0.106216306
1989	0.101691499	0.107624194
1990	0.102431221	0.109051889
1991	0.103179693	0.110522222
1992	0.103942694	0.112019055
1993	0.104734862	0.113554139
1994	0.105542667	0.115098668
1995	0.106352473	0.116617307
1996	0.107154028	0.118109889
1997	0.107871471	0.119517747
1998	0.108580498	0.120866721
1999	0.109275194	0.122161115
2000	0.109980002	0.123443693
2001	0.110772502	0.124762584
2002	0.111615499	0.126100248
2003	0.112473138	0.12742972
2004	0.113296609	0.128719805
2005	0.114099639	0.129985418
2006	0.114852028	0.131183419
2007	0.11557447	0.132344611
2008	0.116286775	0.133509031
2009	0.116979944	0.134655584
2010	0.117665028	0.135787167
2011	0.118360225	0.136921389
2012	0.119041361	0.138048694
2013	0.119736666	0.139188053
2014	0.120448526	0.140354555
2015	0.121152112	0.141547414
2016	0.121851945	0.142749164
2017	0.122541333	0.143948553
2018	0.123219304	0.145125613
2019	0.123866249	0.146255638
2020	0.124511331	0.14737647
2021	0.125190862	0.148505278
2022	0.125914611	0.149664447
2023	0.126662109	0.150873054
2024	0.127429307	0.152099442
2025	0.128208943	0.153359998
2026	0.128935136	0.154623609
2027	0.129606692	0.15586222
2028	0.130262084	0.157119446
2029	0.130893501	0.158373334
2030	0.131496554	0.159579445
2031	0.13207439	0.160751667
2032	0.132634586	0.161877781
2033	0.133174194	0.162951667
2034	0.133651834	0.163931388
2035	0.134118889	0.164867781
2036	0.134655723	0.165836111
2037	0.135217778	0.166799165
2038	0.135807781	0.167790834
2039	0.136373891	0.168783329
2040	0.136828892	0.169690281
2041	0.137152776	0.170515556
2042	0.137371112	0.171266112
2043	0.137566945	0.171998609
2044	0.137760831	0.1727175
2045	0.137997225	0.173443891
2046	0.138270276	0.174197223
2047	0.138606666	0.174988609
2048	0.138982778	0.175816387
2049	0.139391387	0.176683888
2050	0.139829718	0.177606389
2051	0.140312225	0.178565558
2052	0.140828054	0.179523055
2053	0.141414164	0.180508889
2054	0.142059721	0.181482218
2055	0.142718334	0.1824225
2056	0.1433925	0.183350556
2057	0.144071946	0.184252221
2058	0.144768056	0.185168333
2059	0.145489443	0.186129168
2060	0.146274164	0.187175833
2061	0.147051666	0.188276663
2062	0.147794999	0.18942
2063	0.148498334	0.190626111
2064	0.149166111	0.191828612
2065	0.14982944	0.193034168
2066	0.150562219	0.194283061
2067	0.151298888	0.195481941
2068	0.151962504	0.196603611
2069	0.152651671	0.197745554
2070	0.153351944	0.198871665
2071	0.154067222	0.199977223
2072	0.154855832	0.201151386
2073	0.155690838	0.202395834
2074	0.156487223	0.203639165
2075	0.157208335	0.204855833
2076	0.157830279	0.206047777
2077	0.158325274	0.207155559
2078	0.15875639	0.208192222
2079	0.159182504	0.209230278
2080	0.159664441	0.210279997
2081	0.160244722	0.211356387
2082	0.160847221	0.212446943
2083	0.161461115	0.213529166
2084	0.162064999	0.214630552
2085	0.162640002	0.215705551
2086	0.16322111	0.216757778
2087	0.163849443	0.217800554
2088	0.164458614	0.218771111
2089	0.165062226	0.219678335
2090	0.165647503	0.220545277
2091	0.166214723	0.221391112
2092	0.166737225	0.2221875
2093	0.167219725	0.222990002
2094	0.167750001	0.2238525
2095	0.16830083	0.224734996
2096	0.168848887	0.225644171
2097	0.169413332	0.226626664
2098	0.169935003	0.227614168
2099	0.170375835	0.228554998
2100	0.170909721	0.228320278
2101	0.171435274	0.229169164
2102	0.171957776	0.230009168
2103	0.172476668	0.230841108
2104	0.172991667	0.231665276
2105	0.173504166	0.232481945
2106	0.174011946	0.233289726
2107	0.174516112	0.234091111
2108	0.175016947	0.234884165
2109	0.175513893	0.23567
2110	0.176007774	0.236447223
2111	0.176495831	0.237218335
2112	0.176980834	0.237982497
2113	0.177461665	0.238739442
2114	0.177937496	0.239487499
2115	0.178408332	0.240230836
2116	0.178873889	0.24096556
2117	0.179335833	0.241696108
2118	0.179790281	0.242419172
2119	0.180240273	0.243134443
2120	0.180684172	0.243843611
2121	0.181122497	0.244545277
2122	0.18155444	0.24524083
2123	0.181980275	0.245929722
2124	0.18240083	0.246611666
2125	0.18281528	0.24728667
2126	0.183222223	0.247953337
2127	0.183622498	0.248613052
2128	0.184015002	0.249264169
2129	0.184400279	0.249908052
2130	0.184778608	0.250544161
2131	0.185150273	0.25117055
2132	0.185511943	0.251788333
2133	0.18586722	0.252399161
2134	0.186214168	0.253000557
2135	0.186553337	0.253593888
2136	0.186886113	0.254177783
2137	0.187211391	0.254751947
2138	0.187530831	0.255318601
2139	0.187843334	0.255876116
2140	0.188149996	0.256423336
2141	0.188450832	0.256963052
2142	0.188746944	0.257491671
2143	0.189039443	0.258011393
2144	0.189326666	0.258524168
2145	0.18961167	0.259026665
2146	0.189893331	0.259521384
2147	0.190172218	0.260006387
2148	0.190450832	0.260483608
2149	0.190728888	0.260950558
2150	0.191005833	0.261411663
2151	0.191284165	0.261863615
2152	0.191563338	0.262308333
2153	0.191844169	0.262746938
2154	0.19212722	0.263177499
2155	0.192413334	0.263601948
2156	0.192703053	0.26402
2157	0.192995835	0.264432784
2158	0.193292778	0.264841661
2159	0.19359583	0.26524473
2160	0.193903334	0.265643056
2161	0.194215279	0.266038883
2162	0.194534447	0.266428612
2163	0.194857225	0.266816113
2164	0.195189163	0.267200552
2165	0.195525832	0.267582227
2166	0.195871111	0.267962225
2167	0.196220834	0.268340282
2168	0.196577501	0.268714994
2169	0.196939167	0.269090004
2170	0.197308611	0.269463051
2171	0.197681945	0.269832779
2172	0.198059727	0.270201948
2173	0.198443886	0.270569172
2174	0.198832776	0.270935006
2175	0.199224722	0.271298897
2176	0.19962028	0.271659724
2177	0.20002	0.272016946
2178	0.200420555	0.272371944
2179	0.200824443	0.272722501
2180	0.201229446	0.273069724
2181	0.201634724	0.273412779
2182	0.202040836	0.273751382
2183	0.202446662	0.274085552
2184	0.20285194	0.274414718
2185	0.203256112	0.274738334
2186	0.203657504	0.275057502
2187	0.204058055	0.275370561
2188	0.204455275	0.275677782
2189	0.204846945	0.275976941
2190	0.205235831	0.276271109
2191	0.205619723	0.276558332
2192	0.205998052	0.276836112
2193	0.20636972	0.27710722
2194	0.206733055	0.277369723
2195	0.207089446	0.277623333
2196	0.207438052	0.277866386
2197	0.2077775	0.278102219
2198	0.208107777	0.278325282
2199	0.208426394	0.278539173
2200	0.208734721	0.278742492
2201	0.209030278	0.278935
2202	0.209313888	0.279115833
2203	0.20958472	0.279284723
2204	0.209839448	0.279441386
2205	0.210081391	0.279586665
2206	0.210306942	0.279718325
2207	0.21051611	0.27983778
2208	0.210707225	0.279942781
2209	0.210880555	0.280036665
2210	0.211035278	0.280115001
2211	0.211170834	0.280180834
2212	0.211287498	0.280231111
2213	0.211384166	0.280266948
2214	0.211460277	0.280288614
2215	0.211517222	0.280293889
2216	0.211551663	0.280282781
2217	0.211565834	0.280255824
2218	0.211558893	0.28021194
2219	0.211530279	0.280149169
2220	0.211479727	0.280069999
2221	0.211408332	0.279972509
2222	0.211313888	0.279856667
2223	0.211197779	0.279721387
2224	0.211059999	0.279568046
2225	0.210899998	0.279393889
2226	0.210718889	0.279202491
2227	0.210515555	0.278990008
2228	0.210290838	0.27875749
2229	0.210044164	0.278505281
2230	0.209777225	0.278234437
2231	0.209488891	0.277944997
2232	0.209180277	0.277636118
2233	0.208848611	0.277308889
2234	0.208499447	0.276962779
2235	0.208129451	0.27660083
2236	0.207740001	0.276220836
2237	0.207331944	0.275824994
2238	0.206905559	0.275411949
2239	0.206460834	0.274983607
2240	0.205998614	0.274539992
2241	0.205518331	0.274081387
2242	0.205021668	0.273610555
2243	0.204509169	0.273125544
2244	0.203979168	0.272628061
2245	0.203434721	0.272119164
2246	0.202873327	0.271597773
2247	0.202298615	0.271068335
2248	0.201708611	0.270527497
2249	0.201104168	0.269977503
2250	0.200486943	0.269418061
2251	0.199855279	0.268850837
2252	0.199208889	0.268274166
2253	0.198550556	0.26769194
2254	0.197878338	0.267100837
2255	0.197193891	0.266504731
2256	0.19649611	0.265901666
2257	0.195786387	0.265292779
2258	0.195064168	0.264678333
2259	0.194329444	0.264058888
2260	0.193582222	0.263434719
2261	0.192824446	0.262806676
2262	0.192054726	0.262174439
2263	0.191273611	0.261539437
2264	0.190482222	0.26090055
2265	0.18967833	0.260258611
2266	0.188863613	0.259615552
2267	0.188039999	0.258969717
2268	0.187204722	0.258323055
2269	0.186359167	0.257675555
2270	0.185503893	0.257025838
2271	0.184639446	0.256377779
2272	0.183765557	0.25572833
2273	0.182882499	0.255081113
2274	0.181989443	0.254433051
2275	0.181087498	0.253786106
2276	0.180177223	0.253141113
2277	0.179257777	0.252499163
2278	0.17833139	0.251859169
2279	0.177395001	0.251221661
2280	0.176450834	0.250587501
2281	0.175499722	0.249958057
2282	0.174541112	0.24933194
2283	0.173574999	0.248710286
2284	0.172601111	0.248093337
2285	0.171620831	0.247481387
2286	0.170634445	0.246875558
2287	0.16964028	0.246275831
2288	0.168640554	0.24568139
2289	0.167634718	0.245095279
2290	0.16662195	0.244515274
2291	0.165604446	0.243943334
2292	0.164581116	0.243379999
2293	0.1635525	0.242824715
2294	0.162517779	0.242277492
2295	0.161479391	0.24174
2296	0.160434805	0.241212226
2297	0.159386888	0.240694452
2298	0.158335328	0.240186673
2299	0.157277528	0.239689395
2300	0.156217497	0.23920339
