#Picea abies WEIGHTED (2/3 old, 1/3 current-year) needle reflectance and transmittance, 20160801, from Specchio		
#Hovi A.,  Raitio P., Rautiainen M. (2017). A spectral analysis of 25 boreal tree species. Silva Fennica vol. 51 no. 4 article id 7753. https://doi.org/10.14214/sf.7753		
#wl	R	T
400	0.044724639	0.013180582
401	0.043364375	0.012570204
402	0.043387112	0.012546173
403	0.043441973	0.012508463
404	0.043474626	0.012528651
405	0.043549499	0.012610832
406	0.043660527	0.01269646
407	0.043754807	0.012724174
408	0.043830471	0.012723539
409	0.043946069	0.012774319
410	0.044118404	0.012915093
411	0.044269347	0.01307903
412	0.044420014	0.013202779
413	0.044587485	0.013329754
414	0.044776777	0.0135149
415	0.044956014	0.013715019
416	0.045146861	0.013907494
417	0.045373764	0.014094311
418	0.045629347	0.014290097
419	0.045885431	0.014505029
420	0.046145084	0.014737865
421	0.046404555	0.01497543
422	0.046635125	0.015217099
423	0.046880111	0.01547354
424	0.047131041	0.015725419
425	0.047354056	0.015955913
426	0.047567736	0.016198854
427	0.047786777	0.016436589
428	0.048001055	0.016659989
429	0.048184029	0.016884649
430	0.048369111	0.017098003
431	0.048553764	0.017284463
432	0.048721903	0.017450424
433	0.04886304	0.01763158
434	0.049002514	0.017795071
435	0.049147361	0.017938299
436	0.049272222	0.01809389
437	0.049381376	0.018242469
438	0.04949711	0.018393193
439	0.049631972	0.01855371
440	0.049769251	0.018697026
441	0.04990725	0.018844377
442	0.050050069	0.019011541
443	0.050199722	0.019190019
444	0.050351821	0.019359588
445	0.050510486	0.019517872
446	0.050674293	0.019669124
447	0.05083582	0.019833772
448	0.051005736	0.019997993
449	0.051169389	0.020159378
450	0.051314723	0.020315508
451	0.05146032	0.020470464
452	0.051604805	0.020620511
453	0.05173593	0.020759168
454	0.051842001	0.020884454
455	0.051940376	0.021015443
456	0.0520295	0.0211428
457	0.052104347	0.02125922
458	0.052167693	0.021368422
459	0.052226333	0.021460716
460	0.052284889	0.021536925
461	0.052339597	0.021607257
462	0.052368556	0.021679945
463	0.052388028	0.021738215
464	0.052413361	0.021779209
465	0.052432083	0.021837947
466	0.052435569	0.021884652
467	0.052434277	0.021916279
468	0.05244575	0.021948917
469	0.052460902	0.02197383
470	0.052473082	0.022004635
471	0.052485374	0.022048528
472	0.052508876	0.022092928
473	0.052543902	0.022130152
474	0.052578528	0.022154815
475	0.052601931	0.022172829
476	0.052613972	0.022216621
477	0.052639486	0.022258444
478	0.052673182	0.022293685
479	0.052688722	0.022340871
480	0.052698236	0.022374077
481	0.052710903	0.022401587
482	0.052727834	0.02243234
483	0.052751487	0.022468063
484	0.05278293	0.022512531
485	0.052826153	0.022564307
486	0.052886237	0.022620214
487	0.052961112	0.022674629
488	0.053048931	0.02272338
489	0.05315218	0.022782999
490	0.053279265	0.022876386
491	0.053436931	0.022985889
492	0.053618458	0.023107391
493	0.053820139	0.023244218
494	0.054051292	0.023407394
495	0.054314055	0.02359149
496	0.054620972	0.023795039
497	0.05498489	0.024020618
498	0.055400958	0.024285326
499	0.05587482	0.024592349
500	0.056415319	0.024935428
501	0.057030806	0.025308145
502	0.057713514	0.025723916
503	0.058466611	0.026194014
504	0.059300416	0.02672607
505	0.06021507	0.027314111
506	0.061218276	0.027960917
507	0.062315874	0.02867329
508	0.063507846	0.029451933
509	0.064810194	0.030298552
510	0.066227028	0.031213543
511	0.067758085	0.032206359
512	0.069402182	0.033304151
513	0.071160168	0.034486489
514	0.07303296	0.035742214
515	0.075016569	0.037076197
516	0.077086516	0.038487656
517	0.079231985	0.039964624
518	0.081438472	0.041493994
519	0.083683431	0.043065092
520	0.085943959	0.044665535
521	0.088191181	0.046270869
522	0.090396123	0.047852722
523	0.092536458	0.04938959
524	0.094588445	0.050874048
525	0.09653007	0.052299472
526	0.098342655	0.053648341
527	0.100021486	0.054902501
528	0.101569527	0.056056656
529	0.102977889	0.057116132
530	0.104247181	0.058068514
531	0.105385222	0.05892432
532	0.106406764	0.059688546
533	0.1073215	0.060365154
534	0.108124388	0.060964274
535	0.108825113	0.061489054
536	0.109431959	0.061942428
537	0.109963196	0.062341882
538	0.110432917	0.062705056
539	0.110848889	0.063036929
540	0.111225832	0.063334075
541	0.111584374	0.063610711
542	0.111933959	0.063878786
543	0.112277361	0.064134268
544	0.112622569	0.064382665
545	0.11297771	0.064634915
546	0.113344514	0.064891635
547	0.113716251	0.065146473
548	0.114062363	0.065394821
549	0.114370694	0.065621309
550	0.114627707	0.065813369
551	0.114812502	0.065961602
552	0.114894098	0.066038845
553	0.114854028	0.066031082
554	0.114682708	0.065926475
555	0.114375068	0.065717676
556	0.113928266	0.065405947
557	0.113352361	0.064998494
558	0.112659333	0.064503474
559	0.111871364	0.063932504
560	0.111008082	0.063298481
561	0.110080181	0.062613345
562	0.109089293	0.061882359
563	0.108046681	0.061109484
564	0.106954654	0.060294578
565	0.105802084	0.059436133
566	0.104592154	0.058540268
567	0.103330375	0.057612149
568	0.102025012	0.056655854
569	0.100689542	0.055670146
570	0.099330348	0.054684146
571	0.097967722	0.053708458
572	0.096626531	0.052748375
573	0.09532483	0.051817514
574	0.094072333	0.050932854
575	0.092880071	0.050100221
576	0.091757181	0.049320945
577	0.090706834	0.048591396
578	0.089724527	0.047914278
579	0.088805403	0.04728861
580	0.087949082	0.046706765
581	0.087150222	0.046162736
582	0.086401669	0.045649709
583	0.085695429	0.045165708
584	0.085027361	0.044717542
585	0.084398793	0.044294806
586	0.083810414	0.043891543
587	0.083258261	0.043512862
588	0.082745235	0.043160479
589	0.082277361	0.042836945
590	0.081858515	0.042546973
591	0.081487708	0.042285617
592	0.081158307	0.042059494
593	0.080867151	0.041864424
594	0.080618	0.041692793
595	0.080397639	0.041542013
596	0.080194846	0.041410514
597	0.08000204	0.041287625
598	0.079806721	0.041162034
599	0.079593513	0.041029654
600	0.079352178	0.040880232
601	0.079074778	0.040702098
602	0.07875446	0.040484475
603	0.078380417	0.040227993
604	0.07794778	0.039935498
605	0.077459167	0.039608358
606	0.076915736	0.039251971
607	0.076323985	0.038864813
608	0.075693499	0.038448047
609	0.075029155	0.038007929
610	0.074342639	0.03754536
611	0.073645583	0.037068963
612	0.072943418	0.036590603
613	0.072247862	0.036116659
614	0.071570028	0.035650996
615	0.07092054	0.035197144
616	0.07030504	0.034762773
617	0.069729319	0.034356555
618	0.069200583	0.033986928
619	0.068722751	0.033659488
620	0.068293487	0.033371378
621	0.067913931	0.033119238
622	0.067581958	0.032899884
623	0.067298374	0.032711669
624	0.067061611	0.032556398
625	0.066866959	0.032434181
626	0.066710668	0.032343018
627	0.066590001	0.032274293
628	0.066497833	0.032224687
629	0.066426735	0.032191499
630	0.066364818	0.032168353
631	0.066302431	0.032141473
632	0.066222625	0.032101003
633	0.066107446	0.032039957
634	0.065947957	0.031947436
635	0.065738307	0.031815165
636	0.065471166	0.031639203
637	0.065145195	0.031417021
638	0.064762693	0.031154487
639	0.064325431	0.03085559
640	0.063837721	0.030521714
641	0.063307763	0.03015104
642	0.062742985	0.029754963
643	0.062152639	0.029346014
644	0.061547126	0.028932931
645	0.060937084	0.02851139
646	0.060334416	0.028096611
647	0.059752374	0.027698236
648	0.059203361	0.027318937
649	0.058691958	0.026965736
650	0.058217819	0.026637077
651	0.05777782	0.026331931
652	0.057367208	0.02605009
653	0.056967124	0.025775153
654	0.056563764	0.02549268
655	0.05614636	0.025194305
656	0.055700014	0.024878902
657	0.0552175	0.024540625
658	0.054698208	0.024171736
659	0.054148598	0.023773569
660	0.053577528	0.023356652
661	0.052998986	0.022926486
662	0.052429999	0.022489021
663	0.051884028	0.022062396
664	0.051373737	0.021652743
665	0.050912556	0.021269298
666	0.050509972	0.020916458
667	0.050166749	0.020596921
668	0.049885582	0.020312538
669	0.049665791	0.020064057
670	0.049502362	0.019854038
671	0.04939393	0.019677506
672	0.049340056	0.01953332
673	0.04933711	0.019416002
674	0.049376971	0.019321114
675	0.049461459	0.019244804
676	0.049590583	0.019188383
677	0.049762541	0.019156681
678	0.049979	0.019153003
679	0.050247167	0.019181096
680	0.050575098	0.019253721
681	0.050969624	0.019383184
682	0.051443625	0.019580089
683	0.052015444	0.019861203
684	0.052709915	0.020248535
685	0.053561278	0.020763
686	0.054609459	0.021440903
687	0.055899793	0.02231041
688	0.057483708	0.023400229
689	0.059417361	0.024749625
690	0.061753666	0.026391118
691	0.064540473	0.028361951
692	0.067819153	0.030701957
693	0.071614833	0.033433113
694	0.075939138	0.036574573
695	0.080788096	0.040141474
696	0.086143196	0.044138069
697	0.091971166	0.048555839
698	0.098222623	0.053378944
699	0.104842349	0.058585854
700	0.111776944	0.064155612
701	0.11896604	0.070046312
702	0.126354375	0.076218043
703	0.133896251	0.082635767
704	0.141552642	0.089272041
705	0.149289442	0.096101391
706	0.157090421	0.103103619
707	0.164942776	0.110260363
708	0.172841252	0.117560333
709	0.180785276	0.124998514
710	0.188784304	0.1325659
711	0.196841532	0.140266109
712	0.2049543	0.148090487
713	0.213126248	0.156034586
714	0.22136028	0.164089445
715	0.229635139	0.172240208
716	0.237944442	0.18047222
717	0.246280279	0.18877146
718	0.254618337	0.197120067
719	0.262941108	0.205490973
720	0.271226662	0.213856801
721	0.279446244	0.222193194
722	0.287575002	0.230456524
723	0.295583737	0.238619722
724	0.303449581	0.246649437
725	0.311137224	0.254507779
726	0.318624857	0.26216653
727	0.325888477	0.269593887
728	0.332905417	0.276767227
729	0.339662785	0.283667778
730	0.346144994	0.290284447
731	0.352350563	0.296603198
732	0.358266664	0.302623063
733	0.363893054	0.308333203
734	0.369229997	0.313740837
735	0.374277634	0.318840971
736	0.379046112	0.323640555
737	0.383535144	0.32814458
738	0.387753057	0.332355837
739	0.391698204	0.336284166
740	0.395387647	0.339938054
741	0.398823333	0.34332528
742	0.402012639	0.346461388
743	0.404969024	0.349357086
744	0.407697787	0.352015972
745	0.410212629	0.354453472
746	0.412523891	0.356684163
747	0.414643466	0.358715144
748	0.416580141	0.360560281
749	0.418349728	0.362229715
750	0.419957501	0.363729166
751	0.42141889	0.365072784
752	0.422744453	0.366275142
753	0.423942924	0.367342363
754	0.425032355	0.368284725
755	0.426017647	0.369122637
756	0.426908893	0.369863605
757	0.427717499	0.370515697
758	0.42844791	0.371080277
759	0.429111108	0.371566117
760	0.429710825	0.37198514
761	0.430249028	0.372346113
762	0.430737905	0.372653186
763	0.431176941	0.372908344
764	0.431571809	0.373116389
765	0.431924164	0.373287787
766	0.432240558	0.373420976
767	0.432527636	0.373526946
768	0.432791809	0.373610275
769	0.433034718	0.373679861
770	0.433257212	0.373729023
771	0.433463613	0.373762647
772	0.433657219	0.373785829
773	0.433837364	0.373794585
774	0.434011668	0.373795835
775	0.434178752	0.37379056
776	0.434339024	0.373780683
777	0.434496539	0.373763323
778	0.434649579	0.373744585
779	0.434800421	0.373725695
780	0.434947364	0.373702643
781	0.435093338	0.373683751
782	0.435236519	0.373667501
783	0.435378887	0.373651529
784	0.435516807	0.373638891
785	0.435653185	0.373628887
786	0.435786955	0.373617085
787	0.435920561	0.373610834
788	0.436056395	0.373601382
789	0.436191392	0.373597088
790	0.436322078	0.373593196
791	0.436454448	0.373584718
792	0.436586524	0.373580133
793	0.436718198	0.373585418
794	0.436849999	0.373588468
795	0.43697792	0.373592769
796	0.437107079	0.373603188
797	0.43723209	0.373617778
798	0.437357783	0.373633469
799	0.437479166	0.373650146
800	0.437604999	0.373667642
801	0.437730136	0.373686391
802	0.437853895	0.373701952
803	0.437973621	0.37371846
804	0.438095838	0.373733478
805	0.43821694	0.373745275
806	0.438337778	0.373763467
807	0.438461525	0.373784033
808	0.43858584	0.373807219
809	0.438709167	0.37382751
810	0.438837352	0.373853199
811	0.438960969	0.373879025
812	0.439087776	0.373902082
813	0.439215139	0.373925696
814	0.439343055	0.373944871
815	0.439472213	0.373963051
816	0.439602355	0.373983187
817	0.439732509	0.374003741
818	0.439866796	0.37402111
819	0.440001123	0.374035142
820	0.440135283	0.374050831
821	0.440271517	0.374068201
822	0.440407914	0.374081676
823	0.440545412	0.374091665
824	0.44067806	0.374094032
825	0.440806672	0.374095688
826	0.440927496	0.374086109
827	0.441045833	0.374068461
828	0.441165422	0.374056518
829	0.441283884	0.374041806
830	0.4414036	0.374024299
831	0.44152306	0.374008199
832	0.441645001	0.373990277
833	0.441771944	0.373970973
834	0.4419064	0.373957917
835	0.442049866	0.373952786
836	0.442196379	0.37395291
837	0.442352084	0.373959586
838	0.442504168	0.373968611
839	0.442661385	0.373982355
840	0.44281931	0.374
841	0.442983468	0.374023477
842	0.443148752	0.3740525
843	0.443315285	0.374081259
844	0.443476118	0.374108322
845	0.443639301	0.374135286
846	0.443803747	0.374167216
847	0.443967223	0.374192081
848	0.444136525	0.374216668
849	0.444298054	0.374244995
850	0.444459029	0.374274033
851	0.444619305	0.374294991
852	0.444777509	0.374324029
853	0.444932915	0.374344861
854	0.44508667	0.374358336
855	0.445239022	0.374369167
856	0.44538417	0.374383882
857	0.445526113	0.374393058
858	0.445667086	0.374400693
859	0.445806933	0.374411665
860	0.445948325	0.374418187
861	0.446088051	0.374423611
862	0.446223612	0.374428615
863	0.446357076	0.374430269
864	0.446487218	0.374435564
865	0.446614449	0.37443986
866	0.446740141	0.374440844
867	0.446867084	0.374434024
868	0.446990006	0.374425828
869	0.447105	0.374420973
870	0.447218895	0.374416257
871	0.447333475	0.374412085
872	0.447448899	0.374404311
873	0.447565272	0.374394715
874	0.447678057	0.374386244
875	0.447786808	0.37437278
876	0.447893197	0.374362784
877	0.447998611	0.37434874
878	0.448098893	0.374330272
879	0.448200551	0.374305
880	0.448299167	0.374277783
881	0.448394028	0.374248604
882	0.448483338	0.37421001
883	0.448562356	0.374176386
884	0.448644725	0.374142776
885	0.448727916	0.37410417
886	0.448806671	0.374055833
887	0.448878475	0.374003192
888	0.44894542	0.373953891
889	0.449008753	0.373901531
890	0.449071944	0.373849307
891	0.449135413	0.373789161
892	0.449192636	0.37373139
893	0.449254024	0.373675831
894	0.449318759	0.373621389
895	0.449381103	0.373562229
896	0.449434725	0.373505279
897	0.449489298	0.373452785
898	0.449547912	0.373395142
899	0.449604444	0.373326528
900	0.44966042	0.373252779
901	0.449715967	0.373176664
902	0.449774437	0.373100412
903	0.449825684	0.373022767
904	0.449870134	0.372940689
905	0.449912633	0.372859165
906	0.449949863	0.372780703
907	0.449997773	0.372699017
908	0.450047225	0.372612365
909	0.450084994	0.372529579
910	0.45011958	0.372445693
911	0.450154302	0.372358064
912	0.450189446	0.372269715
913	0.450221807	0.372178609
914	0.450255419	0.372090556
915	0.450287908	0.371995685
916	0.450315833	0.371891523
917	0.450329726	0.371779993
918	0.450340562	0.371659443
919	0.450341801	0.371529582
920	0.450337226	0.371386801
921	0.450331805	0.371234022
922	0.4503125	0.371083334
923	0.45027444	0.37091541
924	0.450225835	0.37073194
925	0.450167082	0.370541252
926	0.45009875	0.370351804
927	0.450018473	0.370157366
928	0.449923324	0.369946798
929	0.44982097	0.369713046
930	0.449708333	0.369457496
931	0.44958472	0.369197905
932	0.449445146	0.368933337
933	0.449289856	0.368654169
934	0.449126109	0.368356243
935	0.448947638	0.368050416
936	0.448757639	0.367740281
937	0.448553473	0.367398895
938	0.448323466	0.367042777
939	0.448077634	0.366683051
940	0.447821257	0.36631235
941	0.447539166	0.365922776
942	0.447241955	0.365514306
943	0.446928466	0.365077232
944	0.446591665	0.364616389
945	0.446220271	0.36413944
946	0.445811669	0.36362958
947	0.445361532	0.363073063
948	0.444873475	0.362464165
949	0.444341667	0.361808067
950	0.443779158	0.361109997
951	0.443172216	0.360377915
952	0.442523194	0.359617643
953	0.441860139	0.358842497
954	0.441190419	0.358064304
955	0.44052347	0.357305693
956	0.439870276	0.356569447
957	0.439248467	0.355844165
958	0.438664722	0.355167354
959	0.438117643	0.354542926
960	0.437613882	0.353962367
961	0.437168196	0.353419587
962	0.436779998	0.352926664
963	0.436435282	0.352476813
964	0.436131954	0.352078473
965	0.435863194	0.351719446
966	0.43563917	0.351402228
967	0.435445838	0.351120827
968	0.435277077	0.350871801
969	0.435130966	0.350656668
970	0.435015276	0.350464722
971	0.43492014	0.350271113
972	0.434843337	0.350094445
973	0.434783757	0.349941385
974	0.434744301	0.34980611
975	0.434729171	0.349690696
976	0.434735417	0.349604023
977	0.434764313	0.34953167
978	0.434812081	0.349481526
979	0.43489666	0.349442907
980	0.434993478	0.349428045
981	0.435085009	0.349441538
982	0.435200006	0.34947751
983	0.435347927	0.349541386
984	0.435515975	0.349620278
985	0.435694168	0.349691803
986	0.435892788	0.349789438
987	0.436095148	0.349922076
988	0.436318194	0.350074162
989	0.436568327	0.3502275
990	0.436832773	0.350382224
991	0.437095838	0.350563186
992	0.43736473	0.350777358
993	0.437644998	0.350999591
994	0.437777087	0.351094166
995	0.438025547	0.351301533
996	0.438396392	0.351603893
997	0.438868746	0.351953894
998	0.439420141	0.352305549
999	0.44002639	0.352652776
1000	0.440774587	0.353044021
1001	0.441231392	0.353357777
1002	0.441701385	0.353671389
1003	0.4421725	0.353988061
1004	0.442641797	0.354302352
1005	0.443110699	0.354614712
1006	0.443567495	0.354935827
1007	0.444025146	0.355258333
1008	0.444486665	0.35558291
1009	0.444944583	0.355900273
1010	0.445395281	0.356216105
1011	0.445835131	0.35653652
1012	0.446261669	0.356853331
1013	0.44667722	0.357164443
1014	0.44708666	0.357458882
1015	0.447486808	0.357729033
1016	0.447862643	0.357990553
1017	0.448212638	0.358258195
1018	0.448545138	0.358513604
1019	0.448854451	0.358742639
1020	0.44914001	0.358951385
1021	0.449492368	0.359226805
1022	0.449844028	0.359488194
1023	0.450196388	0.359726382
1024	0.450553199	0.359954173
1025	0.450902919	0.360177788
1026	0.451253057	0.360397369
1027	0.451594027	0.360612221
1028	0.451921806	0.360842774
1029	0.452240142	0.361072081
1030	0.452553617	0.361285977
1031	0.452859449	0.361487788
1032	0.453161662	0.361686945
1033	0.453460832	0.361874168
1034	0.453749863	0.362051112
1035	0.454032915	0.362219026
1036	0.454305564	0.362386669
1037	0.454568326	0.362556527
1038	0.454834722	0.362724029
1039	0.455094581	0.362889034
1040	0.455346944	0.363050411
1041	0.455587777	0.363210427
1042	0.45581722	0.363363328
1043	0.456034308	0.363512076
1044	0.456243063	0.363657628
1045	0.456450693	0.363793328
1046	0.456653886	0.363928743
1047	0.456843605	0.364064169
1048	0.457027912	0.364190693
1049	0.45720458	0.364306246
1050	0.457376525	0.364398338
1051	0.457547218	0.364476951
1052	0.457712501	0.364550002
1053	0.457876662	0.364623748
1054	0.458027494	0.36471278
1055	0.458176382	0.364807213
1056	0.458328473	0.364896946
1057	0.458477224	0.364984162
1058	0.458624301	0.365074577
1059	0.458767913	0.365155565
1060	0.45890667	0.365223053
1061	0.45903417	0.365284306
1062	0.459156521	0.365337367
1063	0.459273045	0.365386533
1064	0.459385142	0.365422361
1065	0.459496257	0.365456531
1066	0.459600277	0.365489175
1067	0.459706952	0.365505417
1068	0.459807498	0.365513332
1069	0.459898611	0.365515687
1070	0.459980143	0.365517636
1071	0.460051104	0.365516943
1072	0.460112087	0.365517363
1073	0.460167778	0.36552194
1074	0.460217088	0.365529582
1075	0.460264718	0.365530421
1076	0.460308189	0.36552014
1077	0.460337085	0.365502362
1078	0.460355699	0.365472915
1079	0.460369031	0.365437781
1080	0.460367781	0.365393884
1081	0.460356519	0.36535124
1082	0.460346247	0.365303752
1083	0.460328755	0.365251953
1084	0.460301394	0.365195692
1085	0.460272503	0.365130415
1086	0.460244295	0.365059853
1087	0.460214029	0.364979026
1088	0.460181956	0.364894855
1089	0.460149025	0.364816241
1090	0.46011779	0.364741666
1091	0.460079161	0.364662364
1092	0.460037639	0.364579029
1093	0.459988063	0.364491117
1094	0.459929029	0.364401112
1095	0.459858062	0.364300981
1096	0.45977694	0.364195565
1097	0.459685971	0.364083471
1098	0.459588048	0.363969862
1099	0.459486244	0.363851386
1100	0.459383607	0.363732075
1101	0.459284447	0.36361862
1102	0.459184443	0.363498196
1103	0.45908541	0.363370692
1104	0.458981944	0.3632375
1105	0.458874166	0.363093195
1106	0.458757363	0.36294846
1107	0.458635007	0.36280264
1108	0.458508064	0.362658756
1109	0.458373475	0.36251195
1110	0.458232082	0.362358483
1111	0.458075133	0.362195132
1112	0.457911116	0.36201708
1113	0.457730971	0.361829571
1114	0.457538192	0.361622634
1115	0.457328883	0.361401945
1116	0.457102636	0.36116486
1117	0.456853899	0.360903343
1118	0.456576529	0.36062069
1119	0.456274308	0.360310696
1120	0.455934164	0.359965968
1121	0.455554165	0.359583755
1122	0.455136118	0.359159442
1123	0.454670136	0.358691528
1124	0.45415694	0.358168612
1125	0.453584713	0.357595419
1126	0.452952494	0.356963746
1127	0.45225167	0.356274443
1128	0.451475697	0.35552347
1129	0.450630126	0.354715968
1130	0.449706942	0.353849297
1131	0.448706808	0.352918188
1132	0.447630011	0.351920133
1133	0.446477644	0.350851243
1134	0.445249446	0.34971194
1135	0.443954997	0.348511115
1136	0.442598196	0.347249299
1137	0.441179718	0.345934304
1138	0.439710697	0.344561805
1139	0.438197086	0.34314625
1140	0.436642778	0.341689028
1141	0.435058067	0.340197501
1142	0.433446534	0.338690147
1143	0.431820271	0.33718014
1144	0.43019027	0.335672217
1145	0.428561938	0.33417097
1146	0.426948749	0.332682076
1147	0.425353053	0.331210829
1148	0.423789161	0.329767076
1149	0.422263607	0.328352911
1150	0.420786532	0.326984304
1151	0.419368893	0.325668899
1152	0.418013888	0.324408052
1153	0.416729862	0.323212507
1154	0.415515552	0.322091669
1155	0.414371394	0.321041668
1156	0.413301247	0.320064445
1157	0.412306527	0.319161383
1158	0.411384304	0.318323746
1159	0.410541815	0.317557919
1160	0.409775414	0.316861252
1161	0.409082922	0.316232085
1162	0.40845834	0.315667642
1163	0.40789362	0.315168192
1164	0.407387214	0.314722228
1165	0.406928338	0.314320972
1166	0.406516254	0.313965422
1167	0.406145282	0.313643893
1168	0.405809715	0.313354721
1169	0.405498331	0.313088203
1170	0.405214024	0.312840832
1171	0.404951103	0.312609032
1172	0.404701802	0.312390553
1173	0.404465693	0.312180546
1174	0.404236803	0.31198098
1175	0.404010835	0.311789021
1176	0.403792361	0.311600556
1177	0.403577365	0.311415275
1178	0.403365831	0.311234305
1179	0.403152213	0.31105153
1180	0.402937507	0.310868333
1181	0.402719726	0.310682508
1182	0.402498332	0.310489729
1183	0.402276394	0.310295684
1184	0.40205611	0.310106672
1185	0.401837495	0.30991972
1186	0.401626388	0.309742086
1187	0.401422083	0.309571107
1188	0.401228055	0.309409728
1189	0.401050006	0.309264022
1190	0.400883193	0.309127217
1191	0.400723192	0.309009711
1192	0.400573884	0.308902358
1193	0.400442223	0.308809442
1194	0.400329307	0.308731526
1195	0.400240553	0.308664446
1196	0.40017542	0.308614997
1197	0.400135418	0.308587087
1198	0.400118185	0.308579177
1199	0.400119024	0.308590842
1200	0.400142228	0.308624178
1201	0.400192226	0.308673198
1202	0.400266121	0.308741247
1203	0.400359174	0.308823891
1204	0.400478475	0.308929029
1205	0.400617912	0.30904985
1206	0.400780559	0.309188609
1207	0.400962912	0.309348745
1208	0.401167085	0.309521951
1209	0.40139167	0.309715698
1210	0.401633879	0.30992875
1211	0.401893886	0.310155975
1212	0.402169173	0.310398325
1213	0.402461529	0.310652636
1214	0.402772916	0.310914444
1215	0.403097784	0.311188611
1216	0.403433052	0.311470971
1217	0.403782643	0.311760838
1218	0.404140135	0.312057781
1219	0.404507364	0.312368341
1220	0.404880971	0.312685562
1221	0.405263886	0.313014172
1222	0.405654726	0.313353044
1223	0.406050834	0.313694991
1224	0.406452219	0.314037492
1225	0.406853611	0.314380422
1226	0.40725403	0.314721254
1227	0.407648191	0.315060419
1228	0.408040839	0.315393741
1229	0.408429717	0.3157225
1230	0.40881556	0.316046114
1231	0.409200129	0.316367085
1232	0.409581107	0.316684025
1233	0.409960685	0.316994302
1234	0.410332916	0.317296679
1235	0.410698473	0.317598879
1236	0.411051527	0.317891804
1237	0.41139736	0.318178065
1238	0.411734437	0.318457921
1239	0.412063055	0.318727915
1240	0.412378321	0.31899069
1241	0.412689433	0.319250698
1242	0.41299277	0.3195036
1243	0.413289862	0.319754168
1244	0.413578751	0.320000549
1245	0.413861113	0.32024237
1246	0.41413305	0.320476669
1247	0.414393889	0.320704582
1248	0.414643474	0.320922077
1249	0.414885146	0.321129866
1250	0.415120562	0.321330547
1251	0.415347079	0.321523612
1252	0.415561939	0.321709024
1253	0.415766815	0.321893327
1254	0.41595986	0.322067365
1255	0.416142362	0.322232366
1256	0.416318332	0.32238403
1257	0.416483199	0.322525973
1258	0.416637915	0.322656386
1259	0.416787778	0.322774589
1260	0.416925545	0.322883603
1261	0.41704875	0.322985562
1262	0.417159719	0.323075138
1263	0.417252359	0.323147781
1264	0.417330697	0.3232068
1265	0.417393061	0.323252507
1266	0.417440141	0.323288468
1267	0.417476108	0.323314863
1268	0.417499865	0.32332888
1269	0.417511945	0.323335419
1270	0.417511252	0.323328897
1271	0.417500411	0.323305413
1272	0.417475971	0.323271108
1273	0.41743805	0.323223328
1274	0.417385283	0.323161379
1275	0.417317646	0.323091805
1276	0.417235975	0.323009439
1277	0.417141798	0.322916811
1278	0.417031397	0.322812364
1279	0.416905008	0.322694719
1280	0.416760832	0.322558619
1281	0.41659681	0.322409439
1282	0.416411251	0.322247505
1283	0.416208059	0.322067921
1284	0.415987092	0.321873059
1285	0.415748328	0.3216611
1286	0.415493195	0.321430549
1287	0.415220556	0.321186108
1288	0.414923886	0.320923897
1289	0.414608193	0.3206393
1290	0.414269442	0.320335413
1291	0.413910277	0.320009025
1292	0.413528055	0.319656114
1293	0.413122917	0.319276671
1294	0.412691812	0.318868193
1295	0.412234304	0.318441942
1296	0.411750413	0.317991937
1297	0.411237222	0.317521103
1298	0.410690139	0.317026936
1299	0.410106815	0.316511254
1300	0.409490004	0.315962779
1301	0.40883751	0.315385409
1302	0.408149997	0.314777501
1303	0.407430694	0.314138748
1304	0.406680837	0.313473478
1305	0.40588972	0.31277667
1306	0.405068328	0.312044578
1307	0.404212085	0.31128416
1308	0.403323469	0.310488333
1309	0.402401656	0.309659302
1310	0.401438333	0.308795142
1311	0.400438465	0.307896247
1312	0.399397085	0.306963056
1313	0.398310142	0.305994031
1314	0.39718125	0.304982925
1315	0.396007771	0.303934857
1316	0.394790277	0.30285041
1317	0.393531953	0.301728052
1318	0.392232227	0.300572366
1319	0.390892786	0.29938597
1320	0.389515549	0.29817264
1321	0.388104307	0.296920136
1322	0.386660834	0.295637771
1323	0.38518098	0.294321102
1324	0.383665832	0.292976119
1325	0.382118744	0.291603476
1326	0.380540694	0.290212356
1327	0.378934023	0.288792501
1328	0.377299999	0.287351811
1329	0.375642352	0.28588972
1330	0.373962087	0.284408198
1331	0.372263064	0.282913473
1332	0.370554169	0.28140736
1333	0.368836669	0.279898894
1334	0.367114589	0.278381253
1335	0.365387641	0.276864994
1336	0.363662074	0.275349869
1337	0.361938752	0.273840825
1338	0.360226241	0.272340974
1339	0.358521109	0.270854301
1340	0.356835688	0.269388332
1341	0.355164029	0.267941111
1342	0.353509714	0.266517925
1343	0.351874714	0.265120417
1344	0.350266387	0.263745687
1345	0.348682088	0.262395696
1346	0.347124731	0.261065137
1347	0.345591669	0.259754868
1348	0.344078618	0.258461525
1349	0.342581103	0.257186397
1350	0.34109848	0.255930697
1351	0.339621946	0.254689585
1352	0.338153188	0.253455413
1353	0.336691392	0.252227363
1354	0.335228192	0.251000691
1355	0.333762641	0.249769998
1356	0.332290687	0.248531248
1357	0.330807644	0.247276812
1358	0.329310824	0.246004999
1359	0.327790561	0.244700418
1360	0.326241384	0.243366388
1361	0.324653606	0.241994582
1362	0.323018474	0.240574587
1363	0.321326241	0.23910403
1364	0.31956959	0.237573749
1365	0.31772917	0.235966943
1366	0.315795546	0.234273753
1367	0.313752646	0.23248167
1368	0.311587647	0.230578195
1369	0.309285002	0.228550972
1370	0.306835977	0.226392779
1371	0.304223051	0.224088058
1372	0.301436809	0.221632502
1373	0.298465413	0.219022914
1374	0.295304028	0.21625542
1375	0.291939591	0.213324654
1376	0.288380966	0.210230411
1377	0.284617635	0.206965835
1378	0.280656112	0.203528335
1379	0.276496251	0.199927367
1380	0.272136944	0.196163263
1381	0.267587216	0.192240968
1382	0.262846383	0.188168053
1383	0.257928198	0.183953124
1384	0.252841813	0.179611112
1385	0.247603893	0.175153889
1386	0.242225969	0.170599165
1387	0.236734029	0.165961601
1388	0.231146809	0.161257572
1389	0.2254875	0.15650465
1390	0.219786668	0.151719584
1391	0.214063196	0.146924863
1392	0.208344728	0.142145274
1393	0.202657919	0.137402986
1394	0.197025694	0.132719101
1395	0.191475141	0.128115911
1396	0.186029445	0.123613915
1397	0.180706669	0.119224933
1398	0.175526253	0.114970133
1399	0.170500836	0.110859808
1400	0.165646253	0.106908112
1401	0.160972497	0.103124471
1402	0.156486671	0.099513139
1403	0.152191942	0.096072808
1404	0.148101805	0.092807028
1405	0.144211947	0.089713818
1406	0.14053139	0.086794736
1407	0.137054445	0.084045804
1408	0.133783889	0.081474307
1409	0.130711111	0.079069195
1410	0.127838053	0.076828728
1411	0.125155765	0.074746995
1412	0.1226615	0.07281911
1413	0.120346084	0.071033617
1414	0.118200527	0.069388104
1415	0.116212334	0.06787133
1416	0.114377835	0.06647809
1417	0.112675915	0.065200313
1418	0.111103237	0.064027887
1419	0.109642542	0.062955901
1420	0.108291487	0.061974667
1421	0.107045305	0.061077931
1422	0.105895264	0.060255556
1423	0.104835777	0.059501541
1424	0.103864957	0.058809026
1425	0.102970793	0.058175181
1426	0.102153903	0.057593825
1427	0.10140582	0.057063176
1428	0.100721362	0.056580907
1429	0.100093401	0.05614453
1430	0.099520678	0.055753026
1431	0.098995889	0.055399923
1432	0.098519153	0.055083628
1433	0.098085207	0.054799488
1434	0.097691263	0.054541294
1435	0.09733321	0.054310126
1436	0.097008793	0.05410595
1437	0.096717513	0.053925409
1438	0.096456402	0.053769832
1439	0.096225446	0.053636759
1440	0.096020974	0.053521274
1441	0.095844445	0.053420633
1442	0.095696419	0.053335723
1443	0.095573013	0.053265105
1444	0.095474581	0.053209858
1445	0.095399904	0.053169567
1446	0.095346332	0.053141228
1447	0.095308209	0.053123959
1448	0.095289403	0.053120879
1449	0.095289539	0.053131761
1450	0.095306527	0.053155484
1451	0.095343557	0.05319409
1452	0.09539993	0.053245884
1453	0.095473972	0.053307819
1454	0.095568014	0.053383749
1455	0.095682334	0.05347647
1456	0.095819165	0.053585408
1457	0.0959795	0.053712038
1458	0.096161582	0.053856298
1459	0.096369251	0.054016586
1460	0.096601027	0.05419578
1461	0.096858764	0.054396848
1462	0.097144517	0.054619155
1463	0.097459111	0.054863351
1464	0.097800123	0.055129302
1465	0.098170347	0.055416783
1466	0.098568664	0.055725878
1467	0.09899486	0.056060105
1468	0.099453028	0.056415201
1469	0.099939071	0.056791208
1470	0.100453238	0.057187431
1471	0.100993097	0.057602584
1472	0.101559638	0.058036569
1473	0.102152308	0.058494596
1474	0.102772277	0.058977001
1475	0.103419206	0.059482333
1476	0.104090098	0.060009541
1477	0.104785513	0.060558472
1478	0.105504695	0.061126798
1479	0.106246543	0.061713604
1480	0.107013542	0.062318236
1481	0.107800722	0.062940445
1482	0.108607946	0.063578486
1483	0.109433445	0.06423145
1484	0.110268776	0.064899984
1485	0.111120262	0.065584485
1486	0.111991057	0.066278912
1487	0.112874805	0.066984652
1488	0.113773515	0.067698973
1489	0.114683138	0.068423623
1490	0.115605082	0.069154473
1491	0.116538153	0.069898026
1492	0.117479845	0.070657229
1493	0.118430791	0.071430543
1494	0.119395552	0.072216444
1495	0.120368098	0.073011103
1496	0.121345776	0.073814103
1497	0.122335109	0.074621694
1498	0.123329821	0.07543755
1499	0.124333057	0.076255923
1500	0.125345281	0.077077835
1501	0.12636339	0.077898582
1502	0.127384209	0.078723473
1503	0.128414798	0.079551388
1504	0.129456653	0.080382417
1505	0.130503042	0.081218069
1506	0.131560245	0.082054001
1507	0.132618851	0.082892596
1508	0.133681109	0.083732097
1509	0.134744583	0.084575556
1510	0.135809725	0.085421888
1511	0.136882225	0.086270876
1512	0.137953193	0.087120917
1513	0.139027083	0.08797354
1514	0.140097498	0.088831345
1515	0.141170135	0.089697318
1516	0.142239309	0.090567486
1517	0.143306522	0.091437113
1518	0.14437014	0.092308916
1519	0.145434998	0.093177959
1520	0.146494166	0.094045625
1521	0.147552361	0.094913028
1522	0.14860319	0.095777278
1523	0.149645971	0.096634474
1524	0.150685143	0.097485614
1525	0.151716247	0.098331682
1526	0.152742637	0.099174401
1527	0.153771106	0.100007876
1528	0.154795417	0.10084107
1529	0.155815278	0.10167429
1530	0.156832637	0.102502959
1531	0.157850419	0.1033325
1532	0.158863607	0.10416018
1533	0.159871665	0.104983765
1534	0.160878198	0.105807639
1535	0.161877217	0.106627932
1536	0.162868746	0.10744371
1537	0.163856109	0.108253623
1538	0.164839167	0.109057028
1539	0.16581847	0.109859611
1540	0.166795276	0.110659484
1541	0.167777085	0.111459875
1542	0.168759582	0.112260028
1543	0.169737781	0.113056058
1544	0.170710278	0.113848945
1545	0.171673059	0.114640207
1546	0.172623886	0.115427109
1547	0.173567774	0.116213156
1548	0.174507221	0.11699615
1549	0.175441802	0.11777556
1550	0.176370416	0.118559627
1551	0.17729486	0.119341426
1552	0.17821639	0.120124861
1553	0.179129167	0.120907449
1554	0.180035554	0.121684701
1555	0.180939584	0.122461255
1556	0.181837083	0.12323435
1557	0.182731107	0.123998526
1558	0.183613195	0.124752435
1559	0.184491668	0.125498195
1560	0.185364582	0.126235872
1561	0.186232362	0.126965338
1562	0.18710125	0.127690408
1563	0.187964449	0.128410644
1564	0.188821254	0.129124626
1565	0.189670282	0.129836285
1566	0.190509027	0.130545
1567	0.191341528	0.131251698
1568	0.192169031	0.131956989
1569	0.192995833	0.132659999
1570	0.193817501	0.133353521
1571	0.194637225	0.13404005
1572	0.195450552	0.13471739
1573	0.196261521	0.13538748
1574	0.197070975	0.136054959
1575	0.197874023	0.136718822
1576	0.198677496	0.137379096
1577	0.199479308	0.138039096
1578	0.200278611	0.138699306
1579	0.20107431	0.139359511
1580	0.201866664	0.140012086
1581	0.202649865	0.140666248
1582	0.203429585	0.141320143
1583	0.20420055	0.141974996
1584	0.20496847	0.142632013
1585	0.205737638	0.143291042
1586	0.206500831	0.143949858
1587	0.207262222	0.144604305
1588	0.208018473	0.145258681
1589	0.208767225	0.145910971
1590	0.20951306	0.146560485
1591	0.210260138	0.147211456
1592	0.21100042	0.147859236
1593	0.211741671	0.148499237
1594	0.212479173	0.149135693
1595	0.21321194	0.149764375
1596	0.213939721	0.150389445
1597	0.214669863	0.151013405
1598	0.215398752	0.151635832
1599	0.21611833	0.152258125
1600	0.21683292	0.152882011
1601	0.217537781	0.153503262
1602	0.218231947	0.154119584
1603	0.218927088	0.154726179
1604	0.219623197	0.155331527
1605	0.220317081	0.155929724
1606	0.221010139	0.156518474
1607	0.221697636	0.157097711
1608	0.222378471	0.157669442
1609	0.223050555	0.158236527
1610	0.223716388	0.158797151
1611	0.224373891	0.15935979
1612	0.225023334	0.159917711
1613	0.225667084	0.160463822
1614	0.226299857	0.161001809
1615	0.226924444	0.161531876
1616	0.227540277	0.162052922
1617	0.228143894	0.162565767
1618	0.228735968	0.16307236
1619	0.229320695	0.163580207
1620	0.229895833	0.164081109
1621	0.230465552	0.164579374
1622	0.231026943	0.165070345
1623	0.231580552	0.165553129
1624	0.232122776	0.166022637
1625	0.232647914	0.166480205
1626	0.233166523	0.166932502
1627	0.233676246	0.167372705
1628	0.234179443	0.167804375
1629	0.234674166	0.168229374
1630	0.235157364	0.168641532
1631	0.235623612	0.169041806
1632	0.236076667	0.169432984
1633	0.236521114	0.169812916
1634	0.236955278	0.170180419
1635	0.237381666	0.170539652
1636	0.237792081	0.170887295
1637	0.238179438	0.171220695
1638	0.238550279	0.171534515
1639	0.238899027	0.171831187
1640	0.239226249	0.172105902
1641	0.239533474	0.172365831
1642	0.239813468	0.17261257
1643	0.240068333	0.172845141
1644	0.24029875	0.173057777
1645	0.24050431	0.173249862
1646	0.240686253	0.173419935
1647	0.240841943	0.173568126
1648	0.240973201	0.173694581
1649	0.241078748	0.17379875
1650	0.241160696	0.173872781
1651	0.241214725	0.173918538
1652	0.241244723	0.173942777
1653	0.241253613	0.17394097
1654	0.241244305	0.173926666
1655	0.241220834	0.173907015
1656	0.241187914	0.173872778
1657	0.241149584	0.173830276
1658	0.241103886	0.173776037
1659	0.241044023	0.173708335
1660	0.240975139	0.173631251
1661	0.240899999	0.173550484
1662	0.240814442	0.173468823
1663	0.240728473	0.173394027
1664	0.240647362	0.17332313
1665	0.240563059	0.173259307
1666	0.24048236	0.173192294
1667	0.240406533	0.173121252
1668	0.24032861	0.173043684
1669	0.240251803	0.172965417
1670	0.24017972	0.172892435
1671	0.24010667	0.17282521
1672	0.24003625	0.172761809
1673	0.239964999	0.172705277
1674	0.239886253	0.17264611
1675	0.239795138	0.172582429
1676	0.239698057	0.172512708
1677	0.239592781	0.172434861
1678	0.23947736	0.172354793
1679	0.239351391	0.172265552
1680	0.239215966	0.172170834
1681	0.239068471	0.172077361
1682	0.238905837	0.171969164
1683	0.238730416	0.171847363
1684	0.238528747	0.171709095
1685	0.238301527	0.171545551
1686	0.238046942	0.171367155
1687	0.237768471	0.171172289
1688	0.237479024	0.170958957
1689	0.23718667	0.170730763
1690	0.23688222	0.170494308
1691	0.236568477	0.170245002
1692	0.236240139	0.169993682
1693	0.235889444	0.169735832
1694	0.23552292	0.169458337
1695	0.235138608	0.169163749
1696	0.234740692	0.168853058
1697	0.234334721	0.168527571
1698	0.233921806	0.168196393
1699	0.23349611	0.167861043
1700	0.233065143	0.167525344
1701	0.232620835	0.167194448
1702	0.232167916	0.166853331
1703	0.231712638	0.166507011
1704	0.231251386	0.166148054
1705	0.230783332	0.165781599
1706	0.230306387	0.165413331
1707	0.229823332	0.165043268
1708	0.229338193	0.164677435
1709	0.228857915	0.164311877
1710	0.22837472	0.163940832
1711	0.22788917	0.163577708
1712	0.227400138	0.163200067
1713	0.226910273	0.162805763
1714	0.226421387	0.162405974
1715	0.225937636	0.162000626
1716	0.225451114	0.16159986
1717	0.224957919	0.161203887
1718	0.224461249	0.160812845
1719	0.22396236	0.160419166
1720	0.223458613	0.160010836
1721	0.222954163	0.15959882
1722	0.222444581	0.159180351
1723	0.221935134	0.158753475
1724	0.221437637	0.158339928
1725	0.220957226	0.157931113
1726	0.220490139	0.157527156
1727	0.220031944	0.157130905
1728	0.219565697	0.156735692
1729	0.219094448	0.156343614
1730	0.21862153	0.155946807
1731	0.218151526	0.155542638
1732	0.217689586	0.155130347
1733	0.21723111	0.154710765
1734	0.216774996	0.154289655
1735	0.216311113	0.153871944
1736	0.215834583	0.153457224
1737	0.215351803	0.153047503
1738	0.214862503	0.152636179
1739	0.21436514	0.152218888
1740	0.213867358	0.151792149
1741	0.213361246	0.151358336
1742	0.212847913	0.150915765
1743	0.212327782	0.150467085
1744	0.211802223	0.150007987
1745	0.211267501	0.149542985
1746	0.210728195	0.149082849
1747	0.210179443	0.148615692
1748	0.209622916	0.148142635
1749	0.209063339	0.147658127
1750	0.208506112	0.147151737
1751	0.207936945	0.1466359
1752	0.207356531	0.146125418
1753	0.206768196	0.145617917
1754	0.206165	0.145105554
1755	0.205552916	0.144598683
1756	0.204939446	0.144084793
1757	0.204327359	0.14356535
1758	0.203712638	0.14305361
1759	0.203102641	0.14254979
1760	0.202498057	0.142057085
1761	0.201905005	0.141574582
1762	0.201333885	0.141102637
1763	0.200785836	0.14063847
1764	0.200256526	0.140184791
1765	0.199740421	0.139743472
1766	0.199238335	0.139316042
1767	0.198750141	0.138907431
1768	0.198276389	0.138515349
1769	0.19782125	0.138144514
1770	0.197385695	0.137799027
1771	0.196972642	0.137473406
1772	0.196581805	0.137164239
1773	0.19621653	0.136871735
1774	0.19586944	0.13659424
1775	0.19555181	0.136330907
1776	0.19526111	0.136087429
1777	0.19499528	0.135859863
1778	0.19475555	0.13564639
1779	0.194537641	0.135455348
1780	0.194339305	0.135285482
1781	0.194158614	0.135134924
1782	0.19402958	0.135004619
1783	0.193912504	0.134873854
1784	0.193801665	0.13475187
1785	0.19370861	0.134643019
1786	0.193632637	0.134553924
1787	0.193570696	0.13449219
1788	0.193513612	0.134461769
1789	0.193460282	0.134466274
1790	0.193407639	0.134485588
1791	0.193354167	0.134499723
1792	0.193307358	0.134517083
1793	0.193258192	0.134535139
1794	0.193221805	0.134548126
1795	0.193198891	0.134569376
1796	0.193186248	0.13459632
1797	0.193189861	0.134616417
1798	0.193208057	0.134636748
1799	0.193237226	0.134655905
1800	0.193279307	0.134681279
1801	0.193332359	0.134716392
1802	0.193385834	0.134764447
1803	0.19344264	0.13482368
1804	0.193511111	0.134887431
1805	0.193579718	0.134953242
1806	0.193655978	0.135021646
1807	0.193739442	0.135082603
1808	0.193816803	0.13513108
1809	0.193888754	0.135161546
1810	0.193961389	0.135179396
1811	0.194024581	0.13519615
1812	0.194086939	0.135209847
1813	0.194162364	0.135236617
1814	0.194238193	0.135268253
1815	0.194307225	0.135300254
1816	0.194379864	0.135331552
1817	0.194457081	0.135358586
1818	0.194534863	0.135381442
1819	0.194617358	0.135389574
1820	0.194702084	0.135391998
1821	0.194736527	0.135388445
1822	0.194752225	0.135411805
1823	0.194765969	0.135456144
1824	0.194777218	0.135512302
1825	0.194765697	0.135564149
1826	0.194734167	0.135598828
1827	0.194670974	0.135596555
1828	0.194563335	0.135542624
1829	0.194431386	0.135456327
1830	0.194275135	0.135349671
1831	0.194100972	0.135211224
1832	0.193918752	0.135049059
1833	0.193728199	0.134869553
1834	0.193504859	0.134658001
1835	0.193240419	0.134418523
1836	0.19293514	0.134156765
1837	0.192581112	0.133859864
1838	0.192174586	0.133527234
1839	0.191723888	0.133152962
1840	0.191209161	0.132740321
1841	0.190633609	0.13227581
1842	0.189980837	0.131766019
1843	0.189241945	0.131191431
1844	0.188415417	0.130541988
1845	0.187506528	0.129817052
1846	0.18652264	0.129024992
1847	0.185471807	0.128165033
1848	0.184361109	0.127239229
1849	0.183176115	0.126251183
1850	0.181916111	0.125197572
1851	0.180567497	0.124074271
1852	0.179123752	0.122863894
1853	0.177588476	0.121577976
1854	0.175957775	0.120196842
1855	0.174220967	0.118714168
1856	0.172358194	0.117140845
1857	0.170367777	0.115472529
1858	0.168249441	0.113706191
1859	0.165993477	0.111840863
1860	0.163608616	0.109864542
1861	0.16109528	0.107766875
1862	0.158454447	0.105550973
1863	0.155671526	0.103210387
1864	0.152753476	0.100757376
1865	0.149702499	0.09819932
1866	0.146522225	0.095547043
1867	0.143248058	0.092814484
1868	0.139876113	0.090010127
1869	0.136425862	0.087133961
1870	0.132902029	0.084205904
1871	0.129306414	0.081228307
1872	0.125634211	0.078209438
1873	0.121903696	0.075156999
1874	0.118138777	0.072092418
1875	0.114341361	0.069027181
1876	0.110536457	0.065981674
1877	0.10674589	0.062960582
1878	0.102970292	0.059976543
1879	0.099218725	0.057029556
1880	0.095514291	0.054136568
1881	0.091870168	0.051297098
1882	0.088308179	0.048537
1883	0.084858321	0.045870273
1884	0.081529069	0.043296977
1885	0.078323042	0.040832473
1886	0.07524879	0.038485835
1887	0.072303499	0.036265885
1888	0.069497055	0.034179682
1889	0.066833415	0.032218676
1890	0.064318486	0.030370844
1891	0.061950152	0.028641011
1892	0.059727028	0.027016522
1893	0.057640652	0.025500518
1894	0.055683848	0.024098798
1895	0.053858001	0.022807798
1896	0.052162931	0.021615325
1897	0.050588485	0.020513743
1898	0.049137001	0.01950064
1899	0.047808695	0.018571016
1900	0.046594583	0.017728697
1901	0.045480597	0.016968929
1902	0.044466375	0.016287528
1903	0.043543902	0.015675945
1904	0.042709848	0.015135298
1905	0.041965251	0.014655194
1906	0.041297903	0.014232096
1907	0.04070939	0.013858927
1908	0.040196417	0.013540783
1909	0.039740181	0.013265593
1910	0.039344791	0.013029429
1911	0.038995459	0.012823645
1912	0.038677653	0.01264159
1913	0.038397319	0.012482301
1914	0.038154404	0.012339868
1915	0.037942444	0.012210925
1916	0.037748376	0.012105699
1917	0.03758468	0.012023765
1918	0.037442278	0.011962211
1919	0.037311654	0.011924465
1920	0.03720275	0.011902021
1921	0.037112056	0.011888297
1922	0.037037181	0.011883185
1923	0.03697418	0.011887187
1924	0.036923055	0.0118975
1925	0.03688768	0.011914989
1926	0.036858487	0.011931785
1927	0.036831931	0.011937522
1928	0.036816319	0.011942889
1929	0.036810375	0.011953622
1930	0.036811652	0.011959937
1931	0.036813457	0.011969489
1932	0.036819222	0.011986098
1933	0.036830528	0.012003901
1934	0.036848333	0.01202149
1935	0.036871278	0.012039776
1936	0.036907014	0.012061075
1937	0.036952042	0.012084693
1938	0.036995278	0.012121185
1939	0.037038457	0.012163911
1940	0.037088875	0.01220997
1941	0.037149515	0.012260979
1942	0.037223111	0.012318343
1943	0.03732282	0.012375549
1944	0.037434723	0.012439382
1945	0.03755836	0.012517198
1946	0.037690945	0.012597218
1947	0.037826181	0.012669353
1948	0.037961639	0.012740575
1949	0.038097166	0.01281389
1950	0.038235083	0.01288981
1951	0.038389527	0.012982226
1952	0.03855168	0.013090581
1953	0.038725389	0.01321251
1954	0.038910041	0.013351337
1955	0.039099153	0.013497307
1956	0.039281849	0.013642444
1957	0.039465056	0.013789571
1958	0.039650389	0.013927957
1959	0.039840389	0.01406097
1960	0.040039096	0.014187638
1961	0.040240876	0.014314329
1962	0.040447681	0.014445695
1963	0.040667042	0.014579196
1964	0.040890667	0.014709567
1965	0.041127793	0.014844643
1966	0.041373388	0.01498101
1967	0.041611806	0.015111054
1968	0.041852029	0.015240966
1969	0.042093111	0.015383344
1970	0.042338903	0.015527874
1971	0.042593958	0.015662921
1972	0.042858973	0.015800138
1973	0.043126446	0.015942306
1974	0.043394042	0.016087326
1975	0.043662499	0.016242856
1976	0.043928875	0.016402857
1977	0.044198542	0.016562179
1978	0.044473834	0.016713815
1979	0.044748764	0.016873433
1980	0.045019222	0.017049033
1981	0.045286667	0.017235983
1982	0.045539028	0.017437741
1983	0.045787613	0.017651525
1984	0.046038555	0.017863204
1985	0.046297569	0.018076851
1986	0.046562917	0.018298645
1987	0.046837014	0.018530065
1988	0.047118597	0.018772066
1989	0.047404112	0.019022836
1990	0.047693972	0.019279584
1991	0.04799086	0.019541075
1992	0.048288138	0.019796306
1993	0.04857732	0.020033294
1994	0.048868597	0.020261617
1995	0.049160597	0.020479433
1996	0.049459	0.020689542
1997	0.049773902	0.020904005
1998	0.050101068	0.021118966
1999	0.050431611	0.021340955
2000	0.050769903	0.021557578
2001	0.05110943	0.021759153
2002	0.051443876	0.021950643
2003	0.051784764	0.022139142
2004	0.052140082	0.022324165
2005	0.052493015	0.022505129
2006	0.052847125	0.022683589
2007	0.053201307	0.022867918
2008	0.053546986	0.023056461
2009	0.05387975	0.02323508
2010	0.054222958	0.02343219
2011	0.054574458	0.023649002
2012	0.054922612	0.023852525
2013	0.055265848	0.024055953
2014	0.055596709	0.024247165
2015	0.055911527	0.024426185
2016	0.056226639	0.024611817
2017	0.056555931	0.024830772
2018	0.056893194	0.02505735
2019	0.057244111	0.025285779
2020	0.057602124	0.025515352
2021	0.057962847	0.025734396
2022	0.058332459	0.025946213
2023	0.05870247	0.026166071
2024	0.05908164	0.02639426
2025	0.059464124	0.026648089
2026	0.059830777	0.026917362
2027	0.060186471	0.027195569
2028	0.060528137	0.027482355
2029	0.060858875	0.027757345
2030	0.061173944	0.028007898
2031	0.06147578	0.02824745
2032	0.061773278	0.028490252
2033	0.062056708	0.028727678
2034	0.06232329	0.028967754
2035	0.06257625	0.029203892
2036	0.062806803	0.029430657
2037	0.063007861	0.029641828
2038	0.06320039	0.0298324
2039	0.063399403	0.03001874
2040	0.063620071	0.030196843
2041	0.063862418	0.030368992
2042	0.064113347	0.030547526
2043	0.064342804	0.030730598
2044	0.064558555	0.030923264
2045	0.064752569	0.031137458
2046	0.064942903	0.031358614
2047	0.065144099	0.031578861
2048	0.065367014	0.031807158
2049	0.065583765	0.032016597
2050	0.065789168	0.032213897
2051	0.066002319	0.032414672
2052	0.066214846	0.032611007
2053	0.066448821	0.032825303
2054	0.066715905	0.033065478
2055	0.066985375	0.033310681
2056	0.067261098	0.033541055
2057	0.067552971	0.033763092
2058	0.067847138	0.0339675
2059	0.068151997	0.034166275
2060	0.068478278	0.034375769
2061	0.068806514	0.034596131
2062	0.069138166	0.034825615
2063	0.069462664	0.035068796
2064	0.069775292	0.035303715
2065	0.07008425	0.035534879
2066	0.070379958	0.035758619
2067	0.07067211	0.035967876
2068	0.070964819	0.036169537
2069	0.071257	0.036361485
2070	0.071541736	0.03655524
2071	0.07181904	0.036742513
2072	0.072079905	0.036928937
2073	0.072324445	0.037119369
2074	0.072564849	0.037305886
2075	0.07281582	0.037469462
2076	0.073080888	0.037630527
2077	0.073351096	0.03779832
2078	0.073627029	0.037950958
2079	0.073889653	0.038125699
2080	0.074140248	0.03831762
2081	0.074387334	0.038506201
2082	0.074625044	0.038698803
2083	0.07485075	0.038876245
2084	0.075083889	0.039033694
2085	0.075295238	0.039195456
2086	0.07549086	0.039361132
2087	0.075699375	0.039553986
2088	0.075935404	0.039778794
2089	0.076194765	0.040015067
2090	0.076484806	0.040268515
2091	0.076795043	0.040530054
2092	0.077107765	0.040774981
2093	0.077401321	0.041009278
2094	0.077691109	0.041236561
2095	0.077964639	0.041465544
2096	0.07820453	0.041712173
2097	0.078410722	0.041982597
2098	0.078605359	0.04227209
2099	0.078796374	0.042571077
2100	0.078993293	0.042866663
2101	0.079228501	0.043159652
2102	0.079466515	0.043451348
2103	0.079711502	0.043741951
2104	0.079990164	0.044039387
2105	0.080284166	0.044337808
2106	0.080596929	0.0446306
2107	0.080927624	0.04492769
2108	0.081243308	0.045234005
2109	0.081536014	0.045526782
2110	0.081805152	0.045813747
2111	0.082052973	0.046104985
2112	0.082319336	0.046354658
2113	0.082602917	0.046582798
2114	0.082882027	0.046805611
2115	0.083178472	0.047006021
2116	0.08348161	0.047195645
2117	0.08378075	0.047379973
2118	0.08409879	0.047562284
2119	0.084427154	0.047746667
2120	0.084758207	0.047927424
2121	0.085085692	0.048102966
2122	0.085400488	0.04829525
2123	0.085712124	0.048510215
2124	0.08603035	0.048734397
2125	0.086373057	0.04897239
2126	0.086721569	0.049215958
2127	0.087063624	0.04945541
2128	0.087394557	0.049682167
2129	0.087689028	0.049903383
2130	0.08794936	0.050125986
2131	0.088177164	0.050339034
2132	0.08838157	0.050556369
2133	0.088573599	0.05078068
2134	0.088759484	0.05099407
2135	0.088949236	0.051204619
2136	0.089171791	0.051433068
2137	0.089406391	0.051674924
2138	0.089645683	0.051943944
2139	0.089898084	0.052254229
2140	0.090153111	0.052572423
2141	0.090428403	0.052882472
2142	0.090723085	0.053185348
2143	0.091020096	0.053454667
2144	0.091327208	0.053691709
2145	0.091631123	0.053928541
2146	0.091898624	0.054162584
2147	0.09214568	0.054399645
2148	0.092373167	0.05465557
2149	0.09257364	0.054911598
2150	0.092790294	0.055145118
2151	0.092994192	0.055387092
2152	0.093194861	0.055621771
2153	0.093417277	0.055852568
2154	0.093631655	0.056110285
2155	0.093864167	0.056371319
2156	0.094121819	0.056646978
2157	0.094383471	0.056928222
2158	0.094635766	0.05717957
2159	0.094870044	0.057411487
2160	0.095102697	0.057639098
2161	0.095340277	0.057868485
2162	0.095576985	0.058096375
2163	0.095832638	0.058332668
2164	0.096100432	0.058583501
2165	0.096353128	0.058817111
2166	0.096598471	0.059026819
2167	0.096837416	0.059226056
2168	0.097059263	0.059387542
2169	0.097283572	0.059528681
2170	0.097501526	0.059670125
2171	0.097711333	0.059801847
2172	0.097919914	0.05994428
2173	0.098130139	0.060099322
2174	0.098333973	0.06027293
2175	0.098543499	0.060451096
2176	0.098770403	0.060630124
2177	0.099016319	0.060803279
2178	0.099294474	0.060943487
2179	0.099588471	0.061072085
2180	0.099880639	0.061187098
2181	0.100157542	0.061287209
2182	0.100421581	0.061399889
2183	0.100665139	0.06154343
2184	0.100881597	0.061692153
2185	0.101084944	0.061852849
2186	0.101296696	0.062017015
2187	0.101516596	0.062168487
2188	0.101742168	0.062317944
2189	0.101962915	0.062448542
2190	0.102169611	0.062581611
2191	0.102350945	0.062722333
2192	0.102513083	0.062868376
2193	0.102678125	0.063027276
2194	0.102848374	0.063200208
2195	0.103031859	0.063385972
2196	0.103221346	0.063580214
2197	0.103418069	0.063803763
2198	0.103614821	0.06407502
2199	0.10378111	0.064356047
2200	0.103928375	0.064633653
2201	0.104067319	0.064916952
2202	0.104202472	0.065202187
2203	0.104313041	0.065466201
2204	0.104424845	0.065733061
2205	0.104525181	0.065993216
2206	0.104606931	0.066243084
2207	0.104685402	0.066469402
2208	0.104756863	0.066655368
2209	0.104823015	0.066813909
2210	0.104884055	0.066940612
2211	0.104928944	0.067046742
2212	0.10496207	0.067148613
2213	0.105019123	0.067231174
2214	0.105100694	0.067304784
2215	0.105193513	0.067347797
2216	0.105288958	0.067370777
2217	0.105365541	0.067376071
2218	0.105415918	0.067336736
2219	0.105452529	0.067277376
2220	0.105489276	0.06720457
2221	0.105528903	0.067122737
2222	0.105571279	0.067030042
2223	0.105604557	0.066904973
2224	0.105630331	0.066742973
2225	0.105601516	0.066543847
2226	0.105518263	0.066318625
2227	0.105367944	0.066073431
2228	0.105177792	0.065842014
2229	0.104978736	0.065624875
2230	0.104783972	0.065410472
2231	0.104588778	0.06521122
2232	0.104393914	0.065002362
2233	0.104177584	0.064796167
2234	0.103917877	0.064586291
2235	0.103625751	0.064366014
2236	0.103297471	0.064157682
2237	0.102921027	0.063957208
2238	0.102519639	0.063753738
2239	0.102103349	0.063559974
2240	0.101677611	0.063367568
2241	0.101240417	0.063131832
2242	0.100804793	0.062861042
2243	0.100362737	0.062562584
2244	0.099908127	0.062211695
2245	0.09946125	0.061815973
2246	0.099024641	0.061436167
2247	0.098587694	0.061043598
2248	0.098138512	0.060648515
2249	0.097707069	0.060273897
2250	0.097300443	0.059858152
2251	0.096894123	0.05941441
2252	0.096475291	0.058943799
2253	0.096019307	0.058430812
2254	0.095511707	0.057919861
2255	0.094982472	0.05740502
2256	0.094457025	0.056896195
2257	0.093941317	0.056427444
2258	0.093441902	0.055998645
2259	0.092948096	0.055597688
2260	0.092426889	0.055213541
2261	0.091910806	0.054813981
2262	0.091409056	0.054406821
2263	0.090912598	0.054003889
2264	0.090472486	0.053612942
2265	0.090085624	0.053238645
2266	0.08973393	0.052917974
2267	0.089412247	0.052627078
2268	0.089086752	0.052329616
2269	0.088723609	0.0520613
2270	0.08833493	0.051793466
2271	0.087916361	0.051532639
2272	0.087482249	0.051313438
2273	0.087064182	0.051111396
2274	0.086655958	0.050950111
2275	0.08626085	0.050808534
2276	0.085885807	0.050641813
2277	0.085543012	0.050490154
2278	0.085224735	0.050345709
2279	0.084907042	0.050191159
2280	0.084583265	0.050061299
2281	0.084245961	0.049966167
2282	0.083910624	0.04984964
2283	0.083607194	0.049735327
2284	0.083325624	0.049650306
2285	0.083048693	0.049506208
2286	0.082764599	0.049355278
2287	0.082460066	0.049209799
2288	0.08213504	0.048994701
2289	0.081778706	0.048735237
2290	0.08142336	0.048441472
2291	0.081082373	0.048120285
2292	0.080738113	0.04780282
2293	0.080428695	0.04748818
2294	0.080136111	0.047179488
2295	0.079837862	0.04684234
2296	0.07953079	0.046511856
2297	0.079207266	0.046206833
2298	0.078869736	0.045913977
2299	0.078540655	0.04562778
2300	0.078690085	0.045642934
2301	0.078436556	0.045442577
2302	0.078187681	0.045243439
2303	0.07794282	0.045044508
2304	0.077701388	0.044846212
2305	0.077465112	0.044647536
2306	0.077231555	0.044450194
2307	0.077001334	0.044252564
2308	0.076774669	0.044054257
2309	0.076551318	0.04385604
2310	0.076330557	0.043657909
2311	0.076111902	0.043459876
2312	0.075895696	0.043261402
2313	0.075681195	0.043062504
2314	0.075468668	0.042863923
2315	0.075257403	0.042665221
2316	0.075047654	0.042467013
2317	0.074838749	0.042268768
2318	0.074631071	0.042071115
2319	0.074424168	0.041873703
2320	0.074219291	0.041676765
2321	0.074014182	0.041481491
2322	0.073811167	0.041286639
2323	0.073608555	0.041093909
2324	0.073407501	0.040902874
2325	0.07320775	0.040714069
2326	0.073009348	0.040527648
2327	0.07281161	0.040344559
2328	0.072616291	0.040164021
2329	0.072421613	0.039987525
2330	0.072229083	0.039814556
2331	0.072037625	0.039645055
2332	0.071847596	0.039480148
2333	0.071659266	0.039318544
2334	0.071472486	0.03916054
2335	0.071286943	0.039006619
2336	0.071103124	0.038855224
2337	0.070920735	0.038706748
2338	0.070739987	0.038561107
2339	0.070560347	0.038418163
2340	0.070382166	0.03827692
2341	0.070205042	0.038138863
2342	0.070029029	0.038002599
2343	0.069853736	0.03786778
2344	0.069679209	0.037733875
2345	0.069505401	0.037601785
2346	0.069332555	0.037469381
2347	0.069160849	0.037337328
2348	0.068990095	0.037205034
2349	0.068821279	0.037071696
2350	0.06865411	0.03693782
2351	0.068488957	0.036801059
2352	0.068325848	0.036663738
2353	0.068164779	0.036523718
2354	0.068005958	0.036379644
2355	0.067849512	0.036233718
2356	0.067695208	0.036084983
2357	0.067543584	0.035931607
2358	0.067394206	0.035774963
2359	0.067247275	0.035613716
2360	0.06710229	0.035447909
2361	0.066959056	0.035278443
2362	0.066816846	0.035103732
2363	0.066675696	0.03492409
2364	0.066534348	0.034740952
2365	0.066393433	0.034552516
2366	0.066251668	0.034360092
2367	0.066109153	0.034162571
2368	0.065964806	0.033960701
2369	0.065818626	0.033755924
2370	0.065669945	0.033546602
2371	0.065518458	0.033334836
2372	0.065363347	0.033120668
2373	0.065204764	0.032904017
2374	0.065042027	0.032686873
2375	0.064875153	0.03246788
2376	0.06470346	0.032250792
2377	0.064526623	0.032033837
2378	0.064343959	0.031819365
2379	0.064155279	0.031607994
2380	0.063960305	0.031399768
2381	0.06375932	0.031196985
2382	0.063552414	0.030998718
2383	0.063339083	0.030806945
2384	0.063119737	0.030621298
2385	0.06289439	0.030443789
2386	0.062662528	0.03027448
2387	0.062424624	0.030112584
2388	0.062180289	0.029959756
2389	0.061929652	0.0298152
2390	0.061672485	0.029679027
2391	0.061409	0.029551111
2392	0.06113961	0.029432049
2393	0.060863861	0.029319409
2394	0.060581875	0.029214441
2395	0.060293944	0.029118037
2396	0.059999626	0.029026792
2397	0.059699319	0.028942618
2398	0.05939232	0.028863855
2399	0.059078639	0.028790689
2400	0.05875757	0.028721302
2401	0.05842911	0.028656013
2402	0.05809246	0.028591957
2403	0.057747945	0.028532231
2404	0.057395473	0.028471822
2405	0.05703493	0.028411771
2406	0.056666611	0.028351861
2407	0.05629032	0.028290262
2408	0.055906696	0.028226395
2409	0.055515639	0.028159639
2410	0.055117502	0.028088764
2411	0.054712265	0.028013994
2412	0.054300376	0.027933364
2413	0.05388193	0.027848565
2414	0.053457181	0.027757293
2415	0.053026777	0.027661176
2416	0.052591	0.027559279
2417	0.05215071	0.027450634
2418	0.051706125	0.027337113
2419	0.051258402	0.027218342
2420	0.050807875	0.027093684
2421	0.050355528	0.026963571
2422	0.049902389	0.026828135
2423	0.049449001	0.02668773
2424	0.048996965	0.026541591
2425	0.048546841	0.026390176
2426	0.048099791	0.026233312
2427	0.047656841	0.026070529
2428	0.047218931	0.025903914
2429	0.046787139	0.025733244
2430	0.046362139	0.025557383
2431	0.045945676	0.02537769
2432	0.045538448	0.02519532
2433	0.045141603	0.025009326
2434	0.044756504	0.024822664
2435	0.044384063	0.024632612
2436	0.044025125	0.024443167
2437	0.043680146	0.024252593
2438	0.043349125	0.02406236
2439	0.043032681	0.023873038
2440	0.042730992	0.023684964
2441	0.042444174	0.023498035
2442	0.042172743	0.023313435
2443	0.041916614	0.023130488
2444	0.041676223	0.022950443
2445	0.041451318	0.022774038
2446	0.041242281	0.02260092
2447	0.041048743	0.02243202
2448	0.04087041	0.0222673
2449	0.040707243	0.022107779
2450	0.04055904	0.021954022
2451	0.040425332	0.021806265
2452	0.040305967	0.021664685
2453	0.040200566	0.021530049
2454	0.040109137	0.021402814
2455	0.040030915	0.021282614
2456	0.039965974	0.021172353
2457	0.03991355	0.021069999
2458	0.039873214	0.020976152
2459	0.039844872	0.020893524
2460	0.039827847	0.020819919
2461	0.039822005	0.020758171
2462	0.039826754	0.020706432
2463	0.039841622	0.020667755
2464	0.039866239	0.020640139
2465	0.039900443	0.020625473
2466	0.03994352	0.020624096
2467	0.039995367	0.020636013
2468	0.040055237	0.020661853
2469	0.040123013	0.020702815
2470	0.040198038	0.020758299
2471	0.040280112	0.020830333
2472	0.040368915	0.020918361
2473	0.040463842	0.021022062
2474	0.040564558	0.021143493
2475	0.040670614	0.021281826
2476	0.040781626	0.021438712
2477	0.04089718	0.021613755
2478	0.041017164	0.021808193
2479	0.041140783	0.022021667
2480	0.041267659	0.022255138
2481	0.041397595	0.022508219
2482	0.041530135	0.022782843
2483	0.041664669	0.023079524
2484	0.041801124	0.023397379
2485	0.041938857	0.023738018
2486	0.042077848	0.024100652
2487	0.042217013	0.024486909
2488	0.042356387	0.024897401
2489	0.042495654	0.02533191
2490	0.042634706	0.025790722
2491	0.042771657	0.026276028
2492	0.042908185	0.026786195
2493	0.043041993	0.027321889
2494	0.043174282	0.027885583
2495	0.043303401	0.028475716
2496	0.043428915	0.029093993
2497	0.043552065	0.029739812
2498	0.043671076	0.030414562
2499	0.04378556	0.031118936
2500	0.043895773	0.031853369
