# Hyytiälä forest station, July 13 2019. A very clear day, quite low Sun
#   igeom=0  : user geometry
#   asol=52.7°, phi0=100°, avis=0° (nadir), phi_v=0°
#   idatm=8  : US62 profile, user H2O=1.5 g/cm², O3=0.40 cm-atm
#   iaer=1   : continental aerosol, AOT@550=0.08 (clean boreal conditions)
#   xps=-0.2 : target at 200 m altitude (Hyytiälä ~180 m a.s.l.)
#   xpp=-1000: satellite → full-column irradiance reaching the surface
#   iwave=-1 : monochromatic, wavelength set per call (see {wl} below)
#   inhomo=0 : uniform surface
#   idirec=0 : Lambertian
#   igroun=1 : vegetation spectrum
#   rapp=-2  : forward simulation, no retrieval
# wl(nm)	SQratio
400	0.8695
405	0.8710
410	0.8724
415	0.8738
420	0.8752
425	0.8766
430	0.8780
435	0.8793
440	0.8806
445	0.8819
450	0.8832
455	0.8844
460	0.8857
465	0.8869
470	0.8880
475	0.8892
480	0.8903
485	0.8915
490	0.8926
495	0.8937
500	0.8946
505	0.8956
510	0.8966
515	0.8976
520	0.8987
525	0.8998
530	0.9008
535	0.9019
540	0.9030
545	0.9041
550	0.9052
555	0.9063
560	0.9074
565	0.9085
570	0.9095
575	0.9106
580	0.9116
585	0.9125
590	0.9135
595	0.9144
600	0.9153
605	0.9162
610	0.9171
615	0.9179
620	0.9187
625	0.9195
630	0.9203
635	0.9210
640	0.9218
645	0.9226
650	0.9233
655	0.9241
660	0.9247
665	0.9249
670	0.9248
675	0.9248
680	0.9249
685	0.9250
690	0.9250
695	0.9250
700	0.9253
705	0.9253
710	0.9255
715	0.9257
720	0.9258
725	0.9260
730	0.9262
735	0.9265
740	0.9272
745	0.9278
750	0.9284
755	0.9291
760	0.9297
765	0.9304
770	0.9310
775	0.9316
780	0.9323
785	0.9329
790	0.9335
795	0.9341
800	0.9347
805	0.9352
810	0.9358
815	0.9363
820	0.9369
825	0.9374
830	0.9380
835	0.9385
840	0.9390
845	0.9395
850	0.9400
855	0.9405
860	0.9410
865	0.9415
870	0.9420
875	0.9424
880	0.9429
885	0.9433
890	0.9438
895	0.9442
900	0.9446
905	0.9451
910	0.9455
915	0.9459
920	0.9463
925	0.9467
930	0.9471
935	0.9475
940	0.9479
945	0.9483
950	0.9487
955	0.9491
960	0.9494
965	0.9498
970	0.9502
975	0.9505
980	0.9509
985	0.9512
990	0.9516
995	0.9519
1000	0.9523
1005	0.9526
1010	0.9530
1015	0.9533
1020	0.9536
1025	0.9540
1030	0.9543
1035	0.9546
1040	0.9549
1045	0.9553
1050	0.9556
1055	0.9559
1060	0.9562
1065	0.9565
1070	0.9568
1075	0.9571
1080	0.9574
1085	0.9577
1090	0.9580
1095	0.9583
1100	0.9586
1105	0.9589
1110	0.9591
1115	0.9594
1120	0.9597
1125	0.9600
1130	0.9602
1135	0.9605
1140	0.9608
1145	0.9610
1150	0.9613
1155	0.9615
1160	0.9617
1165	0.9620
1170	0.9622
1175	0.9624
1180	0.9626
1185	0.9628
1190	0.9630
1195	0.9633
1200	0.9635
1205	0.9637
1210	0.9639
1215	0.9641
1220	0.9643
1225	0.9645
1230	0.9647
1235	0.9649
1240	0.9651
1245	0.9653
1250	0.9655
1255	0.9657
1260	0.9659
1265	0.9661
1270	0.9663
1275	0.9666
1280	0.9668
1285	0.9670
1290	0.9672
1295	0.9674
1300	0.9676
1305	0.9679
1310	0.9681
1315	0.9684
1320	0.9686
1325	0.9689
1330	0.9692
1335	0.9694
1340	0.9697
1345	0.9699
1350	0.9702
1355	0.9704
1360	0.9707
1365	0.9709
1370	0.9711
1375	0.9714
1380	0.9716
1385	0.9718
1390	0.9720
1395	0.9722
1400	0.9724
1405	0.9726
1410	0.9727
1415	0.9730
1420	0.9731
1425	0.9733
1430	0.9735
1435	0.9736
1440	0.9737
1445	0.9738
1450	0.9740
1455	0.9740
1460	0.9741
1465	0.9742
1470	0.9743
1475	0.9744
1480	0.9744
1485	0.9745
1490	0.9745
1495	0.9746
1500	0.9747
1505	0.9747
1510	0.9748
1515	0.9749
1520	0.9749
1525	0.9750
1530	0.9750
1535	0.9751
1540	0.9752
1545	0.9753
1550	0.9754
1555	0.9755
1560	0.9756
1565	0.9757
1570	0.9758
1575	0.9759
1580	0.9761
1585	0.9762
1590	0.9763
1595	0.9764
1600	0.9765
1605	0.9766
1610	0.9767
1615	0.9769
1620	0.9770
1625	0.9771
1630	0.9772
1635	0.9773
1640	0.9774
1645	0.9775
1650	0.9777
1655	0.9778
1660	0.9779
1665	0.9780
1670	0.9781
1675	0.9783
1680	0.9784
1685	0.9785
1690	0.9786
1695	0.9787
1700	0.9788
1705	0.9790
1710	0.9791
1715	0.9792
1720	0.9793
1725	0.9794
1730	0.9795
1735	0.9796
1740	0.9797
1745	0.9798
1750	0.9799
1755	0.9800
1760	0.9801
1765	0.9802
1770	0.9803
1775	0.9804
1780	0.9805
1785	0.9806
1790	0.9807
1795	0.9808
1800	0.9809
1805	0.9810
1810	0.9811
1815	0.9812
1820	0.9813
1825	0.9814
1830	0.9815
1835	0.9815
1840	0.9817
1845	0.9818
1850	0.9819
1855	0.9821
1860	0.9824
1865	0.9827
1870	0.9829
1875	0.9830
1880	0.9831
1885	0.9832
1890	0.9833
1895	0.9834
1900	0.9835
1905	0.9836
1910	0.9837
1915	0.9837
1920	0.9838
1925	0.9839
1930	0.9839
1935	0.9840
1940	0.9840
1945	0.9841
1950	0.9841
1955	0.9842
1960	0.9842
1965	0.9842
1970	0.9842
1975	0.9843
1980	0.9843
1985	0.9843
1990	0.9844
1995	0.9844
2000	0.9844
2005	0.9845
2010	0.9845
2015	0.9845
2020	0.9846
2025	0.9846
2030	0.9846
2035	0.9847
2040	0.9847
2045	0.9847
2050	0.9848
2055	0.9848
2060	0.9849
2065	0.9849
2070	0.9849
2075	0.9850
2080	0.9850
2085	0.9850
2090	0.9850
2095	0.9851
2100	0.9851
2105	0.9852
2110	0.9852
2115	0.9852
2120	0.9853
2125	0.9853
2130	0.9853
2135	0.9854
2140	0.9854
2145	0.9854
2150	0.9855
2155	0.9855
2160	0.9855
2165	0.9856
2170	0.9856
2175	0.9856
2180	0.9857
2185	0.9857
2190	0.9857
2195	0.9858
2200	0.9858
2205	0.9858
2210	0.9859
2215	0.9859
2220	0.9860
2225	0.9860
2230	0.9860
2235	0.9861
2240	0.9861
2245	0.9862
2250	0.9862
2255	0.9863
2260	0.9863
2265	0.9863
2270	0.9864
2275	0.9864
2280	0.9864
2285	0.9865
2290	0.9865
2295	0.9865
2300	0.9866
2305	0.9866
2310	0.9866
2315	0.9867
2320	0.9867
2325	0.9867
2330	0.9868
2335	0.9868
2340	0.9868
2345	0.9869
2350	0.9869
2355	0.9869
2360	0.9870
2365	0.9870
2370	0.9870
2375	0.9871
2380	0.9871
2385	0.9871
2390	0.9871
2395	0.9872
2400	0.9872
2405	0.9872
2410	0.9873
2415	0.9873
2420	0.9873
2425	0.9874
2430	0.9874
2435	0.9874
2440	0.9875
2445	0.9875
2450	0.9875
2455	0.9875
2460	0.9876
2465	0.9876
2470	0.9876
2475	0.9877
2480	0.9877
2485	0.9877
2490	0.9877
2495	0.9878
2500	0.9878
2505	0.9878
