400.0	0.8146E-01
401.0	0.8154E-01
402.0	0.8162E-01
403.0	0.8171E-01
404.0	0.8180E-01
405.0	0.8189E-01
406.0	0.8199E-01
407.0	0.8210E-01
408.0	0.8220E-01
409.0	0.8232E-01
410.0	0.8243E-01
411.0	0.8256E-01
412.0	0.8268E-01
413.0	0.8281E-01
414.0	0.8295E-01
415.0	0.8308E-01
416.0	0.8323E-01
417.0	0.8338E-01
418.0	0.8353E-01
419.0	0.8368E-01
420.0	0.8384E-01
421.0	0.8401E-01
422.0	0.8418E-01
423.0	0.8435E-01
424.0	0.8453E-01
425.0	0.8471E-01
426.0	0.8490E-01
427.0	0.8509E-01
428.0	0.8529E-01
429.0	0.8549E-01
430.0	0.8569E-01
431.0	0.8590E-01
432.0	0.8611E-01
433.0	0.8633E-01
434.0	0.8655E-01
435.0	0.8678E-01
436.0	0.8701E-01
437.0	0.8725E-01
438.0	0.8749E-01
439.0	0.8773E-01
440.0	0.8798E-01
441.0	0.8823E-01
442.0	0.8849E-01
443.0	0.8875E-01
444.0	0.8901E-01
445.0	0.8929E-01
446.0	0.8956E-01
447.0	0.8984E-01
448.0	0.9012E-01
449.0	0.9041E-01
450.0	0.9070E-01
451.0	0.9100E-01
452.0	0.9130E-01
453.0	0.9160E-01
454.0	0.9191E-01
455.0	0.9223E-01
456.0	0.9255E-01
457.0	0.9287E-01
458.0	0.9319E-01
459.0	0.9353E-01
460.0	0.9386E-01
461.0	0.9420E-01
462.0	0.9455E-01
463.0	0.9490E-01
464.0	0.9525E-01
465.0	0.9561E-01
466.0	0.9597E-01
467.0	0.9633E-01
468.0	0.9671E-01
469.0	0.9708E-01
470.0	0.9746E-01
471.0	0.9784E-01
472.0	0.9823E-01
473.0	0.9862E-01
474.0	0.9902E-01
475.0	0.9942E-01
476.0	0.9983E-01
477.0	0.1002
478.0	0.1007
479.0	0.1011
480.0	0.1015
481.0	0.1019
482.0	0.1024
483.0	0.1028
484.0	0.1032
485.0	0.1037
486.0	0.1041
487.0	0.1046
488.0	0.1050
489.0	0.1055
490.0	0.1060
491.0	0.1064
492.0	0.1069
493.0	0.1074
494.0	0.1079
495.0	0.1084
496.0	0.1089
497.0	0.1094
498.0	0.1099
499.0	0.1104
500.0	0.1109
501.0	0.1114
502.0	0.1119
503.0	0.1124
504.0	0.1130
505.0	0.1135
506.0	0.1140
507.0	0.1146
508.0	0.1151
509.0	0.1157
510.0	0.1162
511.0	0.1168
512.0	0.1173
513.0	0.1179
514.0	0.1185
515.0	0.1191
516.0	0.1196
517.0	0.1202
518.0	0.1208
519.0	0.1214
520.0	0.1220
521.0	0.1226
522.0	0.1232
523.0	0.1238
524.0	0.1244
525.0	0.1251
526.0	0.1257
527.0	0.1263
528.0	0.1270
529.0	0.1276
530.0	0.1282
531.0	0.1289
532.0	0.1295
533.0	0.1302
534.0	0.1308
535.0	0.1315
536.0	0.1322
537.0	0.1328
538.0	0.1335
539.0	0.1342
540.0	0.1349
541.0	0.1356
542.0	0.1363
543.0	0.1370
544.0	0.1377
545.0	0.1384
546.0	0.1391
547.0	0.1398
548.0	0.1405
549.0	0.1413
550.0	0.1420
551.0	0.1427
552.0	0.1434
553.0	0.1442
554.0	0.1449
555.0	0.1457
556.0	0.1464
557.0	0.1472
558.0	0.1479
559.0	0.1487
560.0	0.1494
561.0	0.1502
562.0	0.1510
563.0	0.1517
564.0	0.1525
565.0	0.1533
566.0	0.1541
567.0	0.1549
568.0	0.1557
569.0	0.1564
570.0	0.1572
571.0	0.1580
572.0	0.1588
573.0	0.1597
574.0	0.1605
575.0	0.1613
576.0	0.1621
577.0	0.1629
578.0	0.1637
579.0	0.1646
580.0	0.1654
581.0	0.1662
582.0	0.1671
583.0	0.1679
584.0	0.1688
585.0	0.1696
586.0	0.1705
587.0	0.1713
588.0	0.1722
589.0	0.1731
590.0	0.1739
591.0	0.1748
592.0	0.1757
593.0	0.1765
594.0	0.1774
595.0	0.1783
596.0	0.1792
597.0	0.1801
598.0	0.1810
599.0	0.1819
600.0	0.1828
601.0	0.1837
602.0	0.1846
603.0	0.1855
604.0	0.1864
605.0	0.1874
606.0	0.1883
607.0	0.1892
608.0	0.1901
609.0	0.1911
610.0	0.1920
611.0	0.1930
612.0	0.1939
613.0	0.1948
614.0	0.1957
615.0	0.1967
616.0	0.1976
617.0	0.1985
618.0	0.1994
619.0	0.2002
620.0	0.2011
621.0	0.2020
622.0	0.2028
623.0	0.2037
624.0	0.2045
625.0	0.2053
626.0	0.2062
627.0	0.2070
628.0	0.2078
629.0	0.2086
630.0	0.2094
631.0	0.2102
632.0	0.2109
633.0	0.2117
634.0	0.2125
635.0	0.2132
636.0	0.2139
637.0	0.2147
638.0	0.2154
639.0	0.2161
640.0	0.2168
641.0	0.2175
642.0	0.2182
643.0	0.2189
644.0	0.2196
645.0	0.2202
646.0	0.2209
647.0	0.2215
648.0	0.2222
649.0	0.2229
650.0	0.2236
651.0	0.2243
652.0	0.2251
653.0	0.2259
654.0	0.2267
655.0	0.2276
656.0	0.2284
657.0	0.2293
658.0	0.2303
659.0	0.2312
660.0	0.2322
661.0	0.2332
662.0	0.2342
663.0	0.2353
664.0	0.2363
665.0	0.2374
666.0	0.2386
667.0	0.2397
668.0	0.2409
669.0	0.2421
670.0	0.2434
671.0	0.2446
672.0	0.2459
673.0	0.2472
674.0	0.2486
675.0	0.2499
676.0	0.2513
677.0	0.2528
678.0	0.2543
679.0	0.2559
680.0	0.2576
681.0	0.2594
682.0	0.2613
683.0	0.2632
684.0	0.2653
685.0	0.2674
686.0	0.2696
687.0	0.2718
688.0	0.2742
689.0	0.2766
690.0	0.2792
691.0	0.2818
692.0	0.2844
693.0	0.2872
694.0	0.2901
695.0	0.2930
696.0	0.2960
697.0	0.2991
698.0	0.3022
699.0	0.3053
700.0	0.3083
701.0	0.3113
702.0	0.3143
703.0	0.3172
704.0	0.3200
705.0	0.3228
706.0	0.3255
707.0	0.3282
708.0	0.3309
709.0	0.3335
710.0	0.3361
711.0	0.3386
712.0	0.3410
713.0	0.3434
714.0	0.3458
715.0	0.3481
716.0	0.3504
717.0	0.3526
718.0	0.3548
719.0	0.3570
720.0	0.3591
721.0	0.3612
722.0	0.3633
723.0	0.3654
724.0	0.3674
725.0	0.3694
726.0	0.3714
727.0	0.3733
728.0	0.3752
729.0	0.3771
730.0	0.3790
731.0	0.3808
732.0	0.3826
733.0	0.3844
734.0	0.3862
735.0	0.3879
736.0	0.3896
737.0	0.3913
738.0	0.3929
739.0	0.3946
740.0	0.3962
741.0	0.3977
742.0	0.3993
743.0	0.4008
744.0	0.4023
745.0	0.4038
746.0	0.4052
747.0	0.4067
748.0	0.4081
749.0	0.4096
750.0	0.4110
751.0	0.4125
752.0	0.4139
753.0	0.4153
754.0	0.4168
755.0	0.4182
756.0	0.4196
757.0	0.4210
758.0	0.4224
759.0	0.4238
760.0	0.4252
761.0	0.4266
762.0	0.4280
763.0	0.4294
764.0	0.4308
765.0	0.4321
766.0	0.4335
767.0	0.4348
768.0	0.4362
769.0	0.4376
770.0	0.4389
771.0	0.4402
772.0	0.4416
773.0	0.4429
774.0	0.4442
775.0	0.4456
776.0	0.4469
777.0	0.4482
778.0	0.4495
779.0	0.4508
780.0	0.4521
781.0	0.4534
782.0	0.4547
783.0	0.4560
784.0	0.4572
785.0	0.4585
786.0	0.4598
787.0	0.4610
788.0	0.4623
789.0	0.4635
790.0	0.4648
791.0	0.4660
792.0	0.4673
793.0	0.4685
794.0	0.4697
795.0	0.4709
796.0	0.4722
797.0	0.4734
798.0	0.4746
799.0	0.4758
800.0	0.4770
801.0	0.4782
802.0	0.4794
803.0	0.4805
804.0	0.4817
805.0	0.4829
806.0	0.4841
807.0	0.4853
808.0	0.4864
809.0	0.4876
810.0	0.4888
811.0	0.4899
812.0	0.4911
813.0	0.4922
814.0	0.4934
815.0	0.4945
816.0	0.4957
817.0	0.4968
818.0	0.4980
819.0	0.4991
820.0	0.5002
821.0	0.5014
822.0	0.5025
823.0	0.5036
824.0	0.5047
825.0	0.5059
826.0	0.5070
827.0	0.5081
828.0	0.5092
829.0	0.5103
830.0	0.5114
831.0	0.5125
832.0	0.5136
833.0	0.5147
834.0	0.5158
835.0	0.5168
836.0	0.5179
837.0	0.5190
838.0	0.5201
839.0	0.5211
840.0	0.5222
841.0	0.5233
842.0	0.5243
843.0	0.5254
844.0	0.5264
845.0	0.5275
846.0	0.5285
847.0	0.5296
848.0	0.5306
849.0	0.5317
850.0	0.5327
851.0	0.5337
852.0	0.5348
853.0	0.5358
854.0	0.5368
855.0	0.5378
856.0	0.5388
857.0	0.5398
858.0	0.5408
859.0	0.5418
860.0	0.5428
861.0	0.5437
862.0	0.5447
863.0	0.5456
864.0	0.5465
865.0	0.5475
866.0	0.5484
867.0	0.5493
868.0	0.5501
869.0	0.5510
870.0	0.5519
871.0	0.5527
872.0	0.5536
873.0	0.5544
874.0	0.5552
875.0	0.5560
876.0	0.5568
877.0	0.5576
878.0	0.5584
879.0	0.5591
880.0	0.5599
881.0	0.5606
882.0	0.5614
883.0	0.5621
884.0	0.5628
885.0	0.5635
886.0	0.5642
887.0	0.5649
888.0	0.5655
889.0	0.5662
890.0	0.5668
891.0	0.5675
892.0	0.5681
893.0	0.5687
894.0	0.5693
895.0	0.5699
896.0	0.5705
897.0	0.5711
898.0	0.5716
899.0	0.5722
900.0	0.5727
901.0	0.5732
902.0	0.5736
903.0	0.5741
904.0	0.5745
905.0	0.5748
906.0	0.5752
907.0	0.5755
908.0	0.5757
909.0	0.5760
910.0	0.5762
911.0	0.5764
912.0	0.5765
913.0	0.5767
914.0	0.5767
915.0	0.5768
916.0	0.5768
917.0	0.5768
918.0	0.5768
919.0	0.5767
920.0	0.5766
921.0	0.5765
922.0	0.5764
923.0	0.5762
924.0	0.5760
925.0	0.5757
926.0	0.5754
927.0	0.5751
928.0	0.5748
929.0	0.5744
930.0	0.5740
931.0	0.5736
932.0	0.5731
933.0	0.5727
934.0	0.5721
935.0	0.5716
936.0	0.5711
937.0	0.5706
938.0	0.5701
939.0	0.5696
940.0	0.5692
941.0	0.5688
942.0	0.5684
943.0	0.5680
944.0	0.5676
945.0	0.5673
946.0	0.5670
947.0	0.5667
948.0	0.5664
949.0	0.5661
950.0	0.5659
951.0	0.5656
952.0	0.5654
953.0	0.5653
954.0	0.5651
955.0	0.5650
956.0	0.5648
957.0	0.5647
958.0	0.5646
959.0	0.5646
960.0	0.5645
961.0	0.5645
962.0	0.5645
963.0	0.5645
964.0	0.5646
965.0	0.5646
966.0	0.5647
967.0	0.5648
968.0	0.5649
969.0	0.5651
970.0	0.5653
971.0	0.5656
972.0	0.5659
973.0	0.5662
974.0	0.5666
975.0	0.5670
976.0	0.5675
977.0	0.5680
978.0	0.5685
979.0	0.5691
980.0	0.5697
981.0	0.5703
982.0	0.5710
983.0	0.5717
984.0	0.5725
985.0	0.5733
986.0	0.5741
987.0	0.5750
988.0	0.5759
989.0	0.5769
990.0	0.5779
991.0	0.5789
992.0	0.5800
993.0	0.5811
994.0	0.5823
995.0	0.5835
996.0	0.5847
997.0	0.5860
998.0	0.5873
999.0	0.5886
1000.0	0.5900
1001.0	0.5913
1002.0	0.5926
1003.0	0.5939
1004.0	0.5953
1005.0	0.5966
1006.0	0.5979
1007.0	0.5991
1008.0	0.6004
1009.0	0.6017
1010.0	0.6030
1011.0	0.6042
1012.0	0.6055
1013.0	0.6067
1014.0	0.6079
1015.0	0.6092
1016.0	0.6104
1017.0	0.6116
1018.0	0.6128
1019.0	0.6140
1020.0	0.6152
1021.0	0.6163
1022.0	0.6175
1023.0	0.6187
1024.0	0.6198
1025.0	0.6210
1026.0	0.6221
1027.0	0.6232
1028.0	0.6243
1029.0	0.6255
1030.0	0.6266
1031.0	0.6277
1032.0	0.6288
1033.0	0.6298
1034.0	0.6309
1035.0	0.6320
1036.0	0.6330
1037.0	0.6341
1038.0	0.6351
1039.0	0.6360
1040.0	0.6370
1041.0	0.6379
1042.0	0.6388
1043.0	0.6397
1044.0	0.6406
1045.0	0.6414
1046.0	0.6422
1047.0	0.6430
1048.0	0.6438
1049.0	0.6445
1050.0	0.6452
1051.0	0.6459
1052.0	0.6466
1053.0	0.6473
1054.0	0.6479
1055.0	0.6485
1056.0	0.6491
1057.0	0.6496
1058.0	0.6501
1059.0	0.6506
1060.0	0.6511
1061.0	0.6516
1062.0	0.6520
1063.0	0.6524
1064.0	0.6528
1065.0	0.6532
1066.0	0.6535
1067.0	0.6538
1068.0	0.6541
1069.0	0.6544
1070.0	0.6546
1071.0	0.6548
1072.0	0.6550
1073.0	0.6552
1074.0	0.6553
1075.0	0.6555
1076.0	0.6556
1077.0	0.6556
1078.0	0.6557
1079.0	0.6557
1080.0	0.6557
1081.0	0.6557
1082.0	0.6557
1083.0	0.6557
1084.0	0.6556
1085.0	0.6556
1086.0	0.6555
1087.0	0.6554
1088.0	0.6552
1089.0	0.6551
1090.0	0.6549
1091.0	0.6547
1092.0	0.6545
1093.0	0.6543
1094.0	0.6541
1095.0	0.6538
1096.0	0.6536
1097.0	0.6533
1098.0	0.6530
1099.0	0.6527
1100.0	0.6523
1101.0	0.6520
1102.0	0.6516
1103.0	0.6512
1104.0	0.6508
1105.0	0.6504
1106.0	0.6499
1107.0	0.6494
1108.0	0.6490
1109.0	0.6485
1110.0	0.6479
1111.0	0.6474
1112.0	0.6468
1113.0	0.6463
1114.0	0.6457
1115.0	0.6451
1116.0	0.6445
1117.0	0.6438
1118.0	0.6431
1119.0	0.6425
1120.0	0.6418
1121.0	0.6411
1122.0	0.6403
1123.0	0.6396
1124.0	0.6388
1125.0	0.6381
1126.0	0.6373
1127.0	0.6366
1128.0	0.6359
1129.0	0.6352
1130.0	0.6345
1131.0	0.6339
1132.0	0.6332
1133.0	0.6326
1134.0	0.6320
1135.0	0.6313
1136.0	0.6307
1137.0	0.6302
1138.0	0.6296
1139.0	0.6290
1140.0	0.6285
1141.0	0.6279
1142.0	0.6274
1143.0	0.6269
1144.0	0.6264
1145.0	0.6259
1146.0	0.6255
1147.0	0.6250
1148.0	0.6246
1149.0	0.6241
1150.0	0.6237
1151.0	0.6233
1152.0	0.6229
1153.0	0.6225
1154.0	0.6222
1155.0	0.6218
1156.0	0.6215
1157.0	0.6211
1158.0	0.6208
1159.0	0.6205
1160.0	0.6202
1161.0	0.6200
1162.0	0.6197
1163.0	0.6195
1164.0	0.6192
1165.0	0.6190
1166.0	0.6188
1167.0	0.6186
1168.0	0.6184
1169.0	0.6182
1170.0	0.6181
1171.0	0.6179
1172.0	0.6178
1173.0	0.6177
1174.0	0.6176
1175.0	0.6174
1176.0	0.6173
1177.0	0.6172
1178.0	0.6171
1179.0	0.6170
1180.0	0.6169
1181.0	0.6168
1182.0	0.6167
1183.0	0.6167
1184.0	0.6166
1185.0	0.6165
1186.0	0.6164
1187.0	0.6164
1188.0	0.6163
1189.0	0.6163
1190.0	0.6162
1191.0	0.6162
1192.0	0.6161
1193.0	0.6161
1194.0	0.6160
1195.0	0.6160
1196.0	0.6160
1197.0	0.6160
1198.0	0.6160
1199.0	0.6159
1200.0	0.6159
1201.0	0.6159
1202.0	0.6159
1203.0	0.6159
1204.0	0.6160
1205.0	0.6160
1206.0	0.6160
1207.0	0.6160
1208.0	0.6161
1209.0	0.6161
1210.0	0.6161
1211.0	0.6162
1212.0	0.6162
1213.0	0.6163
1214.0	0.6163
1215.0	0.6164
1216.0	0.6165
1217.0	0.6165
1218.0	0.6166
1219.0	0.6167
1220.0	0.6168
1221.0	0.6169
1222.0	0.6169
1223.0	0.6170
1224.0	0.6171
1225.0	0.6172
1226.0	0.6174
1227.0	0.6175
1228.0	0.6176
1229.0	0.6177
1230.0	0.6179
1231.0	0.6180
1232.0	0.6181
1233.0	0.6183
1234.0	0.6184
1235.0	0.6186
1236.0	0.6188
1237.0	0.6189
1238.0	0.6191
1239.0	0.6193
1240.0	0.6195
1241.0	0.6197
1242.0	0.6200
1243.0	0.6202
1244.0	0.6204
1245.0	0.6207
1246.0	0.6209
1247.0	0.6212
1248.0	0.6214
1249.0	0.6217
1250.0	0.6220
1251.0	0.6223
1252.0	0.6226
1253.0	0.6229
1254.0	0.6232
1255.0	0.6235
1256.0	0.6238
1257.0	0.6242
1258.0	0.6245
1259.0	0.6249
1260.0	0.6252
1261.0	0.6256
1262.0	0.6260
1263.0	0.6263
1264.0	0.6267
1265.0	0.6271
1266.0	0.6275
1267.0	0.6280
1268.0	0.6284
1269.0	0.6288
1270.0	0.6292
1271.0	0.6297
1272.0	0.6301
1273.0	0.6306
1274.0	0.6311
1275.0	0.6315
1276.0	0.6320
1277.0	0.6324
1278.0	0.6328
1279.0	0.6332
1280.0	0.6335
1281.0	0.6339
1282.0	0.6342
1283.0	0.6345
1284.0	0.6347
1285.0	0.6350
1286.0	0.6352
1287.0	0.6353
1288.0	0.6355
1289.0	0.6356
1290.0	0.6357
1291.0	0.6358
1292.0	0.6359
1293.0	0.6359
1294.0	0.6359
1295.0	0.6359
1296.0	0.6359
1297.0	0.6358
1298.0	0.6357
1299.0	0.6356
1300.0	0.6355
1301.0	0.6353
1302.0	0.6351
1303.0	0.6349
1304.0	0.6347
1305.0	0.6344
1306.0	0.6342
1307.0	0.6338
1308.0	0.6334
1309.0	0.6329
1310.0	0.6323
1311.0	0.6317
1312.0	0.6310
1313.0	0.6303
1314.0	0.6295
1315.0	0.6286
1316.0	0.6276
1317.0	0.6266
1318.0	0.6255
1319.0	0.6244
1320.0	0.6232
1321.0	0.6219
1322.0	0.6206
1323.0	0.6191
1324.0	0.6177
1325.0	0.6161
1326.0	0.6145
1327.0	0.6128
1328.0	0.6111
1329.0	0.6093
1330.0	0.6074
1331.0	0.6055
1332.0	0.6035
1333.0	0.6014
1334.0	0.5992
1335.0	0.5969
1336.0	0.5946
1337.0	0.5921
1338.0	0.5895
1339.0	0.5869
1340.0	0.5841
1341.0	0.5813
1342.0	0.5784
1343.0	0.5754
1344.0	0.5722
1345.0	0.5690
1346.0	0.5657
1347.0	0.5624
1348.0	0.5589
1349.0	0.5553
1350.0	0.5516
1351.0	0.5479
1352.0	0.5440
1353.0	0.5401
1354.0	0.5361
1355.0	0.5322
1356.0	0.5283
1357.0	0.5245
1358.0	0.5208
1359.0	0.5171
1360.0	0.5134
1361.0	0.5099
1362.0	0.5063
1363.0	0.5029
1364.0	0.4995
1365.0	0.4961
1366.0	0.4929
1367.0	0.4896
1368.0	0.4865
1369.0	0.4834
1370.0	0.4803
1371.0	0.4773
1372.0	0.4744
1373.0	0.4717
1374.0	0.4690
1375.0	0.4665
1376.0	0.4641
1377.0	0.4619
1378.0	0.4597
1379.0	0.4578
1380.0	0.4559
1381.0	0.4541
1382.0	0.4525
1383.0	0.4511
1384.0	0.4497
1385.0	0.4485
1386.0	0.4474
1387.0	0.4464
1388.0	0.4456
1389.0	0.4448
1390.0	0.4441
1391.0	0.4433
1392.0	0.4426
1393.0	0.4418
1394.0	0.4410
1395.0	0.4403
1396.0	0.4395
1397.0	0.4387
1398.0	0.4379
1399.0	0.4371
1400.0	0.4363
1401.0	0.4355
1402.0	0.4347
1403.0	0.4339
1404.0	0.4330
1405.0	0.4322
1406.0	0.4314
1407.0	0.4305
1408.0	0.4297
1409.0	0.4289
1410.0	0.4280
1411.0	0.4271
1412.0	0.4263
1413.0	0.4254
1414.0	0.4245
1415.0	0.4236
1416.0	0.4227
1417.0	0.4217
1418.0	0.4208
1419.0	0.4199
1420.0	0.4189
1421.0	0.4180
1422.0	0.4170
1423.0	0.4160
1424.0	0.4150
1425.0	0.4140
1426.0	0.4130
1427.0	0.4120
1428.0	0.4110
1429.0	0.4099
1430.0	0.4089
1431.0	0.4078
1432.0	0.4068
1433.0	0.4057
1434.0	0.4046
1435.0	0.4035
1436.0	0.4025
1437.0	0.4016
1438.0	0.4007
1439.0	0.3999
1440.0	0.3992
1441.0	0.3985
1442.0	0.3979
1443.0	0.3974
1444.0	0.3969
1445.0	0.3965
1446.0	0.3962
1447.0	0.3959
1448.0	0.3957
1449.0	0.3955
1450.0	0.3955
1451.0	0.3954
1452.0	0.3955
1453.0	0.3956
1454.0	0.3958
1455.0	0.3961
1456.0	0.3964
1457.0	0.3968
1458.0	0.3972
1459.0	0.3978
1460.0	0.3983
1461.0	0.3989
1462.0	0.3995
1463.0	0.4002
1464.0	0.4008
1465.0	0.4015
1466.0	0.4022
1467.0	0.4030
1468.0	0.4038
1469.0	0.4046
1470.0	0.4054
1471.0	0.4062
1472.0	0.4071
1473.0	0.4080
1474.0	0.4090
1475.0	0.4099
1476.0	0.4109
1477.0	0.4119
1478.0	0.4130
1479.0	0.4141
1480.0	0.4152
1481.0	0.4163
1482.0	0.4174
1483.0	0.4186
1484.0	0.4198
1485.0	0.4210
1486.0	0.4223
1487.0	0.4236
1488.0	0.4249
1489.0	0.4261
1490.0	0.4273
1491.0	0.4285
1492.0	0.4297
1493.0	0.4308
1494.0	0.4320
1495.0	0.4331
1496.0	0.4341
1497.0	0.4352
1498.0	0.4362
1499.0	0.4372
1500.0	0.4381
1501.0	0.4391
1502.0	0.4400
1503.0	0.4409
1504.0	0.4417
1505.0	0.4426
1506.0	0.4434
1507.0	0.4442
1508.0	0.4449
1509.0	0.4457
1510.0	0.4464
1511.0	0.4471
1512.0	0.4477
1513.0	0.4484
1514.0	0.4490
1515.0	0.4496
1516.0	0.4501
1517.0	0.4507
1518.0	0.4512
1519.0	0.4517
1520.0	0.4522
1521.0	0.4527
1522.0	0.4533
1523.0	0.4538
1524.0	0.4543
1525.0	0.4548
1526.0	0.4553
1527.0	0.4558
1528.0	0.4563
1529.0	0.4568
1530.0	0.4573
1531.0	0.4578
1532.0	0.4583
1533.0	0.4588
1534.0	0.4593
1535.0	0.4598
1536.0	0.4603
1537.0	0.4608
1538.0	0.4613
1539.0	0.4618
1540.0	0.4623
1541.0	0.4628
1542.0	0.4633
1543.0	0.4638
1544.0	0.4643
1545.0	0.4648
1546.0	0.4652
1547.0	0.4657
1548.0	0.4662
1549.0	0.4667
1550.0	0.4672
1551.0	0.4676
1552.0	0.4681
1553.0	0.4686
1554.0	0.4691
1555.0	0.4695
1556.0	0.4700
1557.0	0.4705
1558.0	0.4709
1559.0	0.4714
1560.0	0.4719
1561.0	0.4724
1562.0	0.4729
1563.0	0.4734
1564.0	0.4739
1565.0	0.4744
1566.0	0.4750
1567.0	0.4755
1568.0	0.4761
1569.0	0.4767
1570.0	0.4772
1571.0	0.4778
1572.0	0.4784
1573.0	0.4790
1574.0	0.4796
1575.0	0.4802
1576.0	0.4808
1577.0	0.4815
1578.0	0.4821
1579.0	0.4828
1580.0	0.4834
1581.0	0.4841
1582.0	0.4848
1583.0	0.4855
1584.0	0.4861
1585.0	0.4869
1586.0	0.4876
1587.0	0.4883
1588.0	0.4890
1589.0	0.4897
1590.0	0.4905
1591.0	0.4912
1592.0	0.4920
1593.0	0.4928
1594.0	0.4936
1595.0	0.4944
1596.0	0.4952
1597.0	0.4959
1598.0	0.4967
1599.0	0.4974
1600.0	0.4981
1601.0	0.4988
1602.0	0.4995
1603.0	0.5001
1604.0	0.5007
1605.0	0.5012
1606.0	0.5018
1607.0	0.5023
1608.0	0.5028
1609.0	0.5033
1610.0	0.5037
1611.0	0.5041
1612.0	0.5045
1613.0	0.5048
1614.0	0.5052
1615.0	0.5055
1616.0	0.5057
1617.0	0.5060
1618.0	0.5062
1619.0	0.5064
1620.0	0.5066
1621.0	0.5067
1622.0	0.5068
1623.0	0.5069
1624.0	0.5070
1625.0	0.5070
1626.0	0.5070
1627.0	0.5070
1628.0	0.5070
1629.0	0.5069
1630.0	0.5068
1631.0	0.5067
1632.0	0.5065
1633.0	0.5064
1634.0	0.5062
1635.0	0.5060
1636.0	0.5058
1637.0	0.5057
1638.0	0.5055
1639.0	0.5053
1640.0	0.5051
1641.0	0.5049
1642.0	0.5047
1643.0	0.5045
1644.0	0.5043
1645.0	0.5041
1646.0	0.5039
1647.0	0.5037
1648.0	0.5034
1649.0	0.5032
1650.0	0.5030
1651.0	0.5028
1652.0	0.5025
1653.0	0.5023
1654.0	0.5021
1655.0	0.5018
1656.0	0.5016
1657.0	0.5013
1658.0	0.5011
1659.0	0.5008
1660.0	0.5005
1661.0	0.5003
1662.0	0.5000
1663.0	0.4997
1664.0	0.4995
1665.0	0.4992
1666.0	0.4989
1667.0	0.4986
1668.0	0.4983
1669.0	0.4981
1670.0	0.4978
1671.0	0.4975
1672.0	0.4972
1673.0	0.4969
1674.0	0.4966
1675.0	0.4962
1676.0	0.4959
1677.0	0.4956
1678.0	0.4953
1679.0	0.4950
1680.0	0.4946
1681.0	0.4943
1682.0	0.4940
1683.0	0.4937
1684.0	0.4934
1685.0	0.4931
1686.0	0.4928
1687.0	0.4925
1688.0	0.4922
1689.0	0.4919
1690.0	0.4916
1691.0	0.4913
1692.0	0.4910
1693.0	0.4907
1694.0	0.4904
1695.0	0.4901
1696.0	0.4898
1697.0	0.4895
1698.0	0.4892
1699.0	0.4889
1700.0	0.4887
1701.0	0.4884
1702.0	0.4881
1703.0	0.4878
1704.0	0.4876
1705.0	0.4873
1706.0	0.4870
1707.0	0.4867
1708.0	0.4865
1709.0	0.4862
1710.0	0.4860
1711.0	0.4857
1712.0	0.4854
1713.0	0.4852
1714.0	0.4849
1715.0	0.4847
1716.0	0.4844
1717.0	0.4842
1718.0	0.4839
1719.0	0.4837
1720.0	0.4835
1721.0	0.4832
1722.0	0.4830
1723.0	0.4827
1724.0	0.4825
1725.0	0.4823
1726.0	0.4820
1727.0	0.4818
1728.0	0.4816
1729.0	0.4814
1730.0	0.4812
1731.0	0.4809
1732.0	0.4807
1733.0	0.4805
1734.0	0.4803
1735.0	0.4801
1736.0	0.4799
1737.0	0.4797
1738.0	0.4795
1739.0	0.4792
1740.0	0.4790
1741.0	0.4788
1742.0	0.4786
1743.0	0.4785
1744.0	0.4783
1745.0	0.4781
1746.0	0.4779
1747.0	0.4777
1748.0	0.4775
1749.0	0.4773
1750.0	0.4771
1751.0	0.4769
1752.0	0.4767
1753.0	0.4764
1754.0	0.4762
1755.0	0.4760
1756.0	0.4758
1757.0	0.4755
1758.0	0.4753
1759.0	0.4750
1760.0	0.4748
1761.0	0.4745
1762.0	0.4742
1763.0	0.4739
1764.0	0.4737
1765.0	0.4734
1766.0	0.4731
1767.0	0.4728
1768.0	0.4725
1769.0	0.4722
1770.0	0.4719
1771.0	0.4716
1772.0	0.4712
1773.0	0.4709
1774.0	0.4706
1775.0	0.4702
1776.0	0.4699
1777.0	0.4695
1778.0	0.4692
1779.0	0.4688
1780.0	0.4685
1781.0	0.4681
1782.0	0.4677
1783.0	0.4673
1784.0	0.4669
1785.0	0.4665
1786.0	0.4661
1787.0	0.4657
1788.0	0.4653
1789.0	0.4649
1790.0	0.4645
1791.0	0.4641
1792.0	0.4636
1793.0	0.4632
1794.0	0.4628
1795.0	0.4623
1796.0	0.4619
1797.0	0.4614
1798.0	0.4609
1799.0	0.4605
1800.0	0.4600
1801.0	0.4595
1802.0	0.4590
1803.0	0.4585
1804.0	0.4580
1805.0	0.4575
1806.0	0.4570
1807.0	0.4565
1808.0	0.4560
1809.0	0.4555
1810.0	0.4549
1811.0	0.4544
1812.0	0.4539
1813.0	0.4533
1814.0	0.4528
1815.0	0.4522
1816.0	0.4517
1817.0	0.4511
1818.0	0.4505
1819.0	0.4499
1820.0	0.4494
1821.0	0.4488
1822.0	0.4482
1823.0	0.4476
1824.0	0.4470
1825.0	0.4464
1826.0	0.4457
1827.0	0.4451
1828.0	0.4445
1829.0	0.4439
1830.0	0.4432
1831.0	0.4426
1832.0	0.4420
1833.0	0.4413
1834.0	0.4407
1835.0	0.4400
1836.0	0.4393
1837.0	0.4387
1838.0	0.4380
1839.0	0.4374
1840.0	0.4367
1841.0	0.4360
1842.0	0.4353
1843.0	0.4346
1844.0	0.4340
1845.0	0.4333
1846.0	0.4326
1847.0	0.4319
1848.0	0.4312
1849.0	0.4305
1850.0	0.4298
1851.0	0.4291
1852.0	0.4283
1853.0	0.4276
1854.0	0.4269
1855.0	0.4262
1856.0	0.4254
1857.0	0.4247
1858.0	0.4240
1859.0	0.4232
1860.0	0.4225
1861.0	0.4217
1862.0	0.4210
1863.0	0.4202
1864.0	0.4195
1865.0	0.4187
1866.0	0.4179
1867.0	0.4172
1868.0	0.4164
1869.0	0.4156
1870.0	0.4148
1871.0	0.4141
1872.0	0.4133
1873.0	0.4125
1874.0	0.4117
1875.0	0.4109
1876.0	0.4101
1877.0	0.4093
1878.0	0.4085
1879.0	0.4077
1880.0	0.4068
1881.0	0.4060
1882.0	0.4052
1883.0	0.4044
1884.0	0.4035
1885.0	0.4027
1886.0	0.4019
1887.0	0.4010
1888.0	0.4002
1889.0	0.3993
1890.0	0.3985
1891.0	0.3976
1892.0	0.3968
1893.0	0.3959
1894.0	0.3951
1895.0	0.3943
1896.0	0.3935
1897.0	0.3926
1898.0	0.3918
1899.0	0.3910
1900.0	0.3902
1901.0	0.3894
1902.0	0.3886
1903.0	0.3878
1904.0	0.3870
1905.0	0.3862
1906.0	0.3854
1907.0	0.3846
1908.0	0.3839
1909.0	0.3831
1910.0	0.3823
1911.0	0.3816
1912.0	0.3808
1913.0	0.3801
1914.0	0.3793
1915.0	0.3786
1916.0	0.3778
1917.0	0.3771
1918.0	0.3763
1919.0	0.3756
1920.0	0.3749
1921.0	0.3742
1922.0	0.3735
1923.0	0.3727
1924.0	0.3720
1925.0	0.3713
1926.0	0.3706
1927.0	0.3699
1928.0	0.3692
1929.0	0.3686
1930.0	0.3679
1931.0	0.3672
1932.0	0.3665
1933.0	0.3658
1934.0	0.3652
1935.0	0.3645
1936.0	0.3639
1937.0	0.3632
1938.0	0.3626
1939.0	0.3620
1940.0	0.3615
1941.0	0.3609
1942.0	0.3604
1943.0	0.3600
1944.0	0.3595
1945.0	0.3591
1946.0	0.3587
1947.0	0.3583
1948.0	0.3580
1949.0	0.3577
1950.0	0.3574
1951.0	0.3571
1952.0	0.3569
1953.0	0.3567
1954.0	0.3565
1955.0	0.3564
1956.0	0.3562
1957.0	0.3561
1958.0	0.3561
1959.0	0.3560
1960.0	0.3560
1961.0	0.3560
1962.0	0.3561
1963.0	0.3561
1964.0	0.3562
1965.0	0.3563
1966.0	0.3565
1967.0	0.3566
1968.0	0.3568
1969.0	0.3571
1970.0	0.3573
1971.0	0.3576
1972.0	0.3579
1973.0	0.3582
1974.0	0.3586
1975.0	0.3590
1976.0	0.3593
1977.0	0.3597
1978.0	0.3600
1979.0	0.3603
1980.0	0.3607
1981.0	0.3609
1982.0	0.3612
1983.0	0.3615
1984.0	0.3617
1985.0	0.3619
1986.0	0.3622
1987.0	0.3624
1988.0	0.3625
1989.0	0.3627
1990.0	0.3629
1991.0	0.3630
1992.0	0.3631
1993.0	0.3632
1994.0	0.3633
1995.0	0.3634
1996.0	0.3634
1997.0	0.3635
1998.0	0.3635
1999.0	0.3635
2000.0	0.3635
2001.0	0.3635
2002.0	0.3634
2003.0	0.3634
2004.0	0.3633
2005.0	0.3632
2006.0	0.3631
2007.0	0.3630
2008.0	0.3629
2009.0	0.3627
2010.0	0.3626
2011.0	0.3624
2012.0	0.3622
2013.0	0.3620
2014.0	0.3618
2015.0	0.3615
2016.0	0.3612
2017.0	0.3609
2018.0	0.3606
2019.0	0.3603
2020.0	0.3599
2021.0	0.3595
2022.0	0.3591
2023.0	0.3587
2024.0	0.3582
2025.0	0.3577
2026.0	0.3572
2027.0	0.3567
2028.0	0.3561
2029.0	0.3555
2030.0	0.3550
2031.0	0.3543
2032.0	0.3537
2033.0	0.3530
2034.0	0.3523
2035.0	0.3516
2036.0	0.3509
2037.0	0.3501
2038.0	0.3493
2039.0	0.3485
2040.0	0.3477
2041.0	0.3468
2042.0	0.3459
2043.0	0.3450
2044.0	0.3441
2045.0	0.3432
2046.0	0.3422
2047.0	0.3412
2048.0	0.3403
2049.0	0.3393
2050.0	0.3384
2051.0	0.3375
2052.0	0.3366
2053.0	0.3357
2054.0	0.3349
2055.0	0.3341
2056.0	0.3333
2057.0	0.3325
2058.0	0.3317
2059.0	0.3310
2060.0	0.3303
2061.0	0.3296
2062.0	0.3289
2063.0	0.3282
2064.0	0.3276
2065.0	0.3269
2066.0	0.3263
2067.0	0.3258
2068.0	0.3252
2069.0	0.3247
2070.0	0.3241
2071.0	0.3236
2072.0	0.3232
2073.0	0.3227
2074.0	0.3222
2075.0	0.3218
2076.0	0.3214
2077.0	0.3210
2078.0	0.3207
2079.0	0.3203
2080.0	0.3200
2081.0	0.3197
2082.0	0.3194
2083.0	0.3192
2084.0	0.3189
2085.0	0.3187
2086.0	0.3185
2087.0	0.3183
2088.0	0.3181
2089.0	0.3179
2090.0	0.3177
2091.0	0.3176
2092.0	0.3175
2093.0	0.3174
2094.0	0.3173
2095.0	0.3172
2096.0	0.3171
2097.0	0.3171
2098.0	0.3170
2099.0	0.3170
2100.0	0.3170
2101.0	0.3170
2102.0	0.3171
2103.0	0.3171
2104.0	0.3172
2105.0	0.3172
2106.0	0.3173
2107.0	0.3174
2108.0	0.3175
2109.0	0.3177
2110.0	0.3178
2111.0	0.3180
2112.0	0.3182
2113.0	0.3184
2114.0	0.3186
2115.0	0.3188
2116.0	0.3190
2117.0	0.3193
2118.0	0.3196
2119.0	0.3199
2120.0	0.3202
2121.0	0.3205
2122.0	0.3208
2123.0	0.3212
2124.0	0.3215
2125.0	0.3219
2126.0	0.3223
2127.0	0.3227
2128.0	0.3231
2129.0	0.3236
2130.0	0.3240
2131.0	0.3245
2132.0	0.3250
2133.0	0.3255
2134.0	0.3260
2135.0	0.3264
2136.0	0.3269
2137.0	0.3274
2138.0	0.3278
2139.0	0.3283
2140.0	0.3288
2141.0	0.3292
2142.0	0.3297
2143.0	0.3301
2144.0	0.3306
2145.0	0.3310
2146.0	0.3315
2147.0	0.3319
2148.0	0.3323
2149.0	0.3328
2150.0	0.3332
2151.0	0.3336
2152.0	0.3341
2153.0	0.3345
2154.0	0.3349
2155.0	0.3353
2156.0	0.3357
2157.0	0.3361
2158.0	0.3365
2159.0	0.3369
2160.0	0.3373
2161.0	0.3377
2162.0	0.3381
2163.0	0.3385
2164.0	0.3389
2165.0	0.3393
2166.0	0.3397
2167.0	0.3400
2168.0	0.3404
2169.0	0.3408
2170.0	0.3412
2171.0	0.3415
2172.0	0.3419
2173.0	0.3422
2174.0	0.3425
2175.0	0.3428
2176.0	0.3431
2177.0	0.3433
2178.0	0.3436
2179.0	0.3437
2180.0	0.3439
2181.0	0.3441
2182.0	0.3442
2183.0	0.3443
2184.0	0.3443
2185.0	0.3444
2186.0	0.3444
2187.0	0.3444
2188.0	0.3444
2189.0	0.3443
2190.0	0.3442
2191.0	0.3441
2192.0	0.3440
2193.0	0.3439
2194.0	0.3437
2195.0	0.3435
2196.0	0.3433
2197.0	0.3430
2198.0	0.3427
2199.0	0.3424
2200.0	0.3421
2201.0	0.3418
2202.0	0.3414
2203.0	0.3410
2204.0	0.3406
2205.0	0.3401
2206.0	0.3397
2207.0	0.3392
2208.0	0.3386
2209.0	0.3381
2210.0	0.3375
2211.0	0.3369
2212.0	0.3364
2213.0	0.3358
2214.0	0.3352
2215.0	0.3347
2216.0	0.3341
2217.0	0.3335
2218.0	0.3329
2219.0	0.3324
2220.0	0.3318
2221.0	0.3312
2222.0	0.3306
2223.0	0.3300
2224.0	0.3295
2225.0	0.3289
2226.0	0.3283
2227.0	0.3277
2228.0	0.3272
2229.0	0.3266
2230.0	0.3260
2231.0	0.3254
2232.0	0.3249
2233.0	0.3243
2234.0	0.3237
2235.0	0.3231
2236.0	0.3225
2237.0	0.3220
2238.0	0.3214
2239.0	0.3208
2240.0	0.3202
2241.0	0.3196
2242.0	0.3191
2243.0	0.3185
2244.0	0.3179
2245.0	0.3173
2246.0	0.3167
2247.0	0.3162
2248.0	0.3156
2249.0	0.3150
2250.0	0.3144
2251.0	0.3138
2252.0	0.3133
2253.0	0.3127
2254.0	0.3121
2255.0	0.3115
2256.0	0.3109
2257.0	0.3104
2258.0	0.3098
2259.0	0.3092
2260.0	0.3087
2261.0	0.3081
2262.0	0.3076
2263.0	0.3070
2264.0	0.3065
2265.0	0.3060
2266.0	0.3055
2267.0	0.3050
2268.0	0.3045
2269.0	0.3040
2270.0	0.3035
2271.0	0.3030
2272.0	0.3025
2273.0	0.3020
2274.0	0.3015
2275.0	0.3011
2276.0	0.3006
2277.0	0.3002
2278.0	0.2997
2279.0	0.2993
2280.0	0.2989
2281.0	0.2984
2282.0	0.2980
2283.0	0.2976
2284.0	0.2972
2285.0	0.2968
2286.0	0.2964
2287.0	0.2960
2288.0	0.2956
2289.0	0.2952
2290.0	0.2949
2291.0	0.2945
2292.0	0.2941
2293.0	0.2938
2294.0	0.2934
2295.0	0.2931
2296.0	0.2928
2297.0	0.2924
2298.0	0.2921
2299.0	0.2918
2300.0	0.2915
2301.0	0.2912
2302.0	0.2909
2303.0	0.2906
2304.0	0.2903
2305.0	0.2900
2306.0	0.2898
2307.0	0.2895
2308.0	0.2892
2309.0	0.2890
2310.0	0.2887
2311.0	0.2885
2312.0	0.2883
2313.0	0.2880
2314.0	0.2878
2315.0	0.2876
2316.0	0.2874
2317.0	0.2872
2318.0	0.2870
2319.0	0.2868
2320.0	0.2866
2321.0	0.2864
2322.0	0.2862
2323.0	0.2861
2324.0	0.2859
2325.0	0.2857
2326.0	0.2856
2327.0	0.2854
2328.0	0.2853
2329.0	0.2851
2330.0	0.2850
2331.0	0.2848
2332.0	0.2847
2333.0	0.2845
2334.0	0.2844
2335.0	0.2842
2336.0	0.2841
2337.0	0.2839
2338.0	0.2838
2339.0	0.2836
2340.0	0.2835
2341.0	0.2833
2342.0	0.2832
2343.0	0.2830
2344.0	0.2829
2345.0	0.2828
2346.0	0.2826
2347.0	0.2825
2348.0	0.2823
2349.0	0.2822
2350.0	0.2821
2351.0	0.2819
2352.0	0.2818
2353.0	0.2817
2354.0	0.2815
2355.0	0.2814
2356.0	0.2813
2357.0	0.2811
2358.0	0.2810
2359.0	0.2809
2360.0	0.2807
2361.0	0.2806
2362.0	0.2805
2363.0	0.2804
2364.0	0.2802
2365.0	0.2801
2366.0	0.2800
2367.0	0.2799
2368.0	0.2797
2369.0	0.2796
2370.0	0.2795
2371.0	0.2794
2372.0	0.2792
2373.0	0.2791
2374.0	0.2790
2375.0	0.2789
2376.0	0.2788
2377.0	0.2787
2378.0	0.2785
2379.0	0.2784
2380.0	0.2783
2381.0	0.2782
2382.0	0.2781
2383.0	0.2780
2384.0	0.2779
2385.0	0.2778
2386.0	0.2777
2387.0	0.2776
2388.0	0.2774
2389.0	0.2773
2390.0	0.2772
2391.0	0.2771
2392.0	0.2770
2393.0	0.2769
2394.0	0.2768
2395.0	0.2767
2396.0	0.2766
2397.0	0.2765
2398.0	0.2764
2399.0	0.2763
2400.0	0.2762
#wlngth(nm)	reflectance
# pine trunk, GER-2600, July 2001, Estonia
# männi tüvi, GER-2600, juuli 2001
