  400.00  0.3278    
  401.00  0.3285    
  402.00  0.3292    
  403.00  0.3300    
  404.00  0.3307    
  405.00  0.3313    
  406.00  0.3320    
  407.00  0.3327    
  408.00  0.3334    
  409.00  0.3341    
  410.00  0.3348    
  411.00  0.3355    
  412.00  0.3362    
  413.00  0.3369    
  414.00  0.3375    
  415.00  0.3382    
  416.00  0.3389    
  417.00  0.3395    
  418.00  0.3402    
  419.00  0.3409    
  420.00  0.3415    
  421.00  0.3422    
  422.00  0.3429    
  423.00  0.3435    
  424.00  0.3442    
  425.00  0.3448    
  426.00  0.3455    
  427.00  0.3461    
  428.00  0.3468    
  429.00  0.3474    
  430.00  0.3481    
  431.00  0.3487    
  432.00  0.3493    
  433.00  0.3500    
  434.00  0.3506    
  435.00  0.3512    
  436.00  0.3519    
  437.00  0.3525    
  438.00  0.3531    
  439.00  0.3537    
  440.00  0.3544    
  441.00  0.3550    
  442.00  0.3556    
  443.00  0.3562    
  444.00  0.3568    
  445.00  0.3574    
  446.00  0.3580    
  447.00  0.3586    
  448.00  0.3592    
  449.00  0.3598    
  450.00  0.3604    
  451.00  0.3610    
  452.00  0.3616    
  453.00  0.3622    
  454.00  0.3628    
  455.00  0.3634    
  456.00  0.3640    
  457.00  0.3645    
  458.00  0.3651    
  459.00  0.3657    
  460.00  0.3663    
  461.00  0.3668    
  462.00  0.3674    
  463.00  0.3680    
  464.00  0.3685    
  465.00  0.3691    
  466.00  0.3697    
  467.00  0.3702    
  468.00  0.3708    
  469.00  0.3713    
  470.00  0.3719    
  471.00  0.3724    
  472.00  0.3730    
  473.00  0.3735    
  474.00  0.3741    
  475.00  0.3746    
  476.00  0.3751    
  477.00  0.3757    
  478.00  0.3762    
  479.00  0.3767    
  480.00  0.3773    
  481.00  0.3778    
  482.00  0.3783    
  483.00  0.3788    
  484.00  0.3794    
  485.00  0.3799    
  486.00  0.3804    
  487.00  0.3809    
  488.00  0.3814    
  489.00  0.3819    
  490.00  0.3824    
  491.00  0.3829    
  492.00  0.3834    
  493.00  0.3839    
  494.00  0.3844    
  495.00  0.3849    
  496.00  0.3854    
  497.00  0.3859    
  498.00  0.3864    
  499.00  0.3869    
  500.00  0.3874    
  501.00  0.3878    
  502.00  0.3883    
  503.00  0.3888    
  504.00  0.3893    
  505.00  0.3897    
  506.00  0.3902    
  507.00  0.3907    
  508.00  0.3911    
  509.00  0.3916    
  510.00  0.3921    
  511.00  0.3925    
  512.00  0.3930    
  513.00  0.3934    
  514.00  0.3939    
  515.00  0.3943    
  516.00  0.3948    
  517.00  0.3952    
  518.00  0.3957    
  519.00  0.3961    
  520.00  0.3966    
  521.00  0.3970    
  522.00  0.3974    
  523.00  0.3979    
  524.00  0.3983    
  525.00  0.3987    
  526.00  0.3991    
  527.00  0.3996    
  528.00  0.4000    
  529.00  0.4004    
  530.00  0.4008    
  531.00  0.4012    
  532.00  0.4016    
  533.00  0.4021    
  534.00  0.4025    
  535.00  0.4029    
  536.00  0.4033    
  537.00  0.4037    
  538.00  0.4041    
  539.00  0.4045    
  540.00  0.4049    
  541.00  0.4052    
  542.00  0.4056    
  543.00  0.4060    
  544.00  0.4064    
  545.00  0.4068    
  546.00  0.4072    
  547.00  0.4075    
  548.00  0.4079    
  549.00  0.4083    
  550.00  0.4087    
  551.00  0.4090    
  552.00  0.4094    
  553.00  0.4098    
  554.00  0.4101    
  555.00  0.4105    
  556.00  0.4108    
  557.00  0.4112    
  558.00  0.4115    
  559.00  0.4119    
  560.00  0.4122    
  561.00  0.4126    
  562.00  0.4129    
  563.00  0.4133    
  564.00  0.4136    
  565.00  0.4139    
  566.00  0.4143    
  567.00  0.4146    
  568.00  0.4149    
  569.00  0.4153    
  570.00  0.4156    
  571.00  0.4159    
  572.00  0.4162    
  573.00  0.4166    
  574.00  0.4169    
  575.00  0.4172    
  576.00  0.4175    
  577.00  0.4178    
  578.00  0.4181    
  579.00  0.4184    
  580.00  0.4187    
  581.00  0.4190    
  582.00  0.4193    
  583.00  0.4196    
  584.00  0.4199    
  585.00  0.4202    
  586.00  0.4205    
  587.00  0.4208    
  588.00  0.4211    
  589.00  0.4213    
  590.00  0.4216    
  591.00  0.4219    
  592.00  0.4222    
  593.00  0.4224    
  594.00  0.4227    
  595.00  0.4230    
  596.00  0.4232    
  597.00  0.4235    
  598.00  0.4237    
  599.00  0.4240    
  600.00  0.4242    
  601.00  0.4244    
  602.00  0.4247    
  603.00  0.4249    
  604.00  0.4251    
  605.00  0.4253    
  606.00  0.4256    
  607.00  0.4258    
  608.00  0.4260    
  609.00  0.4262    
  610.00  0.4264    
  611.00  0.4266    
  612.00  0.4268    
  613.00  0.4270    
  614.00  0.4272    
  615.00  0.4274    
  616.00  0.4275    
  617.00  0.4277    
  618.00  0.4279    
  619.00  0.4281    
  620.00  0.4282    
  621.00  0.4284    
  622.00  0.4286    
  623.00  0.4287    
  624.00  0.4289    
  625.00  0.4290    
  626.00  0.4292    
  627.00  0.4293    
  628.00  0.4294    
  629.00  0.4296    
  630.00  0.4297    
  631.00  0.4298    
  632.00  0.4299    
  633.00  0.4301    
  634.00  0.4302    
  635.00  0.4303    
  636.00  0.4304    
  637.00  0.4305    
  638.00  0.4306    
  639.00  0.4307    
  640.00  0.4308    
  641.00  0.4309    
  642.00  0.4310    
  643.00  0.4310    
  644.00  0.4311    
  645.00  0.4312    
  646.00  0.4313    
  647.00  0.4313    
  648.00  0.4314    
  649.00  0.4315    
  650.00  0.4316    
  651.00  0.4318    
  652.00  0.4320    
  653.00  0.4322    
  654.00  0.4324    
  655.00  0.4326    
  656.00  0.4329    
  657.00  0.4332    
  658.00  0.4335    
  659.00  0.4338    
  660.00  0.4342    
  661.00  0.4346    
  662.00  0.4350    
  663.00  0.4354    
  664.00  0.4359    
  665.00  0.4363    
  666.00  0.4368    
  667.00  0.4374    
  668.00  0.4379    
  669.00  0.4385    
  670.00  0.4391    
  671.00  0.4397    
  672.00  0.4403    
  673.00  0.4410    
  674.00  0.4417    
  675.00  0.4424    
  676.00  0.4431    
  677.00  0.4439    
  678.00  0.4447    
  679.00  0.4455    
  680.00  0.4463    
  681.00  0.4471    
  682.00  0.4480    
  683.00  0.4489    
  684.00  0.4498    
  685.00  0.4508    
  686.00  0.4517    
  687.00  0.4527    
  688.00  0.4538    
  689.00  0.4548    
  690.00  0.4558    
  691.00  0.4569    
  692.00  0.4579    
  693.00  0.4589    
  694.00  0.4599    
  695.00  0.4609    
  696.00  0.4619    
  697.00  0.4629    
  698.00  0.4638    
  699.00  0.4648    
  700.00  0.4657    
  701.00  0.4666    
  702.00  0.4675    
  703.00  0.4684    
  704.00  0.4693    
  705.00  0.4701    
  706.00  0.4710    
  707.00  0.4718    
  708.00  0.4727    
  709.00  0.4735    
  710.00  0.4743    
  711.00  0.4750    
  712.00  0.4758    
  713.00  0.4766    
  714.00  0.4773    
  715.00  0.4781    
  716.00  0.4788    
  717.00  0.4795    
  718.00  0.4802    
  719.00  0.4809    
  720.00  0.4815    
  721.00  0.4822    
  722.00  0.4828    
  723.00  0.4834    
  724.00  0.4841    
  725.00  0.4847    
  726.00  0.4852    
  727.00  0.4858    
  728.00  0.4864    
  729.00  0.4869    
  730.00  0.4875    
  731.00  0.4880    
  732.00  0.4885    
  733.00  0.4890    
  734.00  0.4895    
  735.00  0.4900    
  736.00  0.4905    
  737.00  0.4910    
  738.00  0.4914    
  739.00  0.4919    
  740.00  0.4924    
  741.00  0.4928    
  742.00  0.4933    
  743.00  0.4938    
  744.00  0.4942    
  745.00  0.4947    
  746.00  0.4952    
  747.00  0.4956    
  748.00  0.4961    
  749.00  0.4965    
  750.00  0.4969    
  751.00  0.4974    
  752.00  0.4978    
  753.00  0.4983    
  754.00  0.4987    
  755.00  0.4991    
  756.00  0.4995    
  757.00  0.5000    
  758.00  0.5004    
  759.00  0.5008    
  760.00  0.5012    
  761.00  0.5016    
  762.00  0.5020    
  763.00  0.5024    
  764.00  0.5028    
  765.00  0.5032    
  766.00  0.5036    
  767.00  0.5040    
  768.00  0.5044    
  769.00  0.5048    
  770.00  0.5052    
  771.00  0.5056    
  772.00  0.5060    
  773.00  0.5063    
  774.00  0.5067    
  775.00  0.5071    
  776.00  0.5074    
  777.00  0.5078    
  778.00  0.5082    
  779.00  0.5085    
  780.00  0.5089    
  781.00  0.5092    
  782.00  0.5096    
  783.00  0.5099    
  784.00  0.5103    
  785.00  0.5106    
  786.00  0.5110    
  787.00  0.5113    
  788.00  0.5116    
  789.00  0.5120    
  790.00  0.5123    
  791.00  0.5126    
  792.00  0.5130    
  793.00  0.5133    
  794.00  0.5137    
  795.00  0.5140    
  796.00  0.5143    
  797.00  0.5147    
  798.00  0.5150    
  799.00  0.5154    
  800.00  0.5157    
  801.00  0.5160    
  802.00  0.5164    
  803.00  0.5167    
  804.00  0.5171    
  805.00  0.5174    
  806.00  0.5178    
  807.00  0.5181    
  808.00  0.5184    
  809.00  0.5188    
  810.00  0.5191    
  811.00  0.5195    
  812.00  0.5198    
  813.00  0.5201    
  814.00  0.5205    
  815.00  0.5208    
  816.00  0.5212    
  817.00  0.5215    
  818.00  0.5219    
  819.00  0.5222    
  820.00  0.5225    
  821.00  0.5229    
  822.00  0.5232    
  823.00  0.5236    
  824.00  0.5239    
  825.00  0.5243    
  826.00  0.5246    
  827.00  0.5249    
  828.00  0.5253    
  829.00  0.5256    
  830.00  0.5260    
  831.00  0.5263    
  832.00  0.5267    
  833.00  0.5270    
  834.00  0.5273    
  835.00  0.5277    
  836.00  0.5280    
  837.00  0.5284    
  838.00  0.5287    
  839.00  0.5291    
  840.00  0.5294    
  841.00  0.5298    
  842.00  0.5301    
  843.00  0.5305    
  844.00  0.5308    
  845.00  0.5311    
  846.00  0.5315    
  847.00  0.5318    
  848.00  0.5322    
  849.00  0.5325    
  850.00  0.5329    
  851.00  0.5332    
  852.00  0.5336    
  853.00  0.5339    
  854.00  0.5343    
  855.00  0.5346    
  856.00  0.5349    
  857.00  0.5353    
  858.00  0.5356    
  859.00  0.5360    
  860.00  0.5363    
  861.00  0.5366    
  862.00  0.5370    
  863.00  0.5373    
  864.00  0.5376    
  865.00  0.5379    
  866.00  0.5382    
  867.00  0.5386    
  868.00  0.5389    
  869.00  0.5392    
  870.00  0.5395    
  871.00  0.5398    
  872.00  0.5401    
  873.00  0.5404    
  874.00  0.5407    
  875.00  0.5410    
  876.00  0.5412    
  877.00  0.5415    
  878.00  0.5418    
  879.00  0.5421    
  880.00  0.5424    
  881.00  0.5426    
  882.00  0.5429    
  883.00  0.5432    
  884.00  0.5434    
  885.00  0.5437    
  886.00  0.5440    
  887.00  0.5442    
  888.00  0.5445    
  889.00  0.5447    
  890.00  0.5450    
  891.00  0.5452    
  892.00  0.5455    
  893.00  0.5457    
  894.00  0.5459    
  895.00  0.5462    
  896.00  0.5464    
  897.00  0.5466    
  898.00  0.5469    
  899.00  0.5471    
  900.00  0.5473    
  901.00  0.5475    
  902.00  0.5477    
  903.00  0.5479    
  904.00  0.5482    
  905.00  0.5484    
  906.00  0.5486    
  907.00  0.5488    
  908.00  0.5490    
  909.00  0.5492    
  910.00  0.5493    
  911.00  0.5495    
  912.00  0.5497    
  913.00  0.5499    
  914.00  0.5501    
  915.00  0.5503    
  916.00  0.5504    
  917.00  0.5506    
  918.00  0.5508    
  919.00  0.5509    
  920.00  0.5511    
  921.00  0.5513    
  922.00  0.5514    
  923.00  0.5516    
  924.00  0.5517    
  925.00  0.5519    
  926.00  0.5520    
  927.00  0.5522    
  928.00  0.5523    
  929.00  0.5524    
  930.00  0.5526    
  931.00  0.5527    
  932.00  0.5528    
  933.00  0.5530    
  934.00  0.5531    
  935.00  0.5532    
  936.00  0.5533    
  937.00  0.5534    
  938.00  0.5536    
  939.00  0.5537    
  940.00  0.5538    
  941.00  0.5539    
  942.00  0.5540    
  943.00  0.5541    
  944.00  0.5542    
  945.00  0.5543    
  946.00  0.5544    
  947.00  0.5544    
  948.00  0.5545    
  949.00  0.5546    
  950.00  0.5547    
  951.00  0.5548    
  952.00  0.5550    
  953.00  0.5551    
  954.00  0.5552    
  955.00  0.5553    
  956.00  0.5554    
  957.00  0.5555    
  958.00  0.5556    
  959.00  0.5558    
  960.00  0.5559    
  961.00  0.5560    
  962.00  0.5562    
  963.00  0.5563    
  964.00  0.5564    
  965.00  0.5566    
  966.00  0.5567    
  967.00  0.5569    
  968.00  0.5570    
  969.00  0.5572    
  970.00  0.5573    
  971.00  0.5575    
  972.00  0.5576    
  973.00  0.5578    
  974.00  0.5579    
  975.00  0.5581    
  976.00  0.5583    
  977.00  0.5584    
  978.00  0.5586    
  979.00  0.5588    
  980.00  0.5590    
  981.00  0.5591    
  982.00  0.5593    
  983.00  0.5595    
  984.00  0.5597    
  985.00  0.5599    
  986.00  0.5601    
  987.00  0.5603    
  988.00  0.5605    
  989.00  0.5607    
  990.00  0.5609    
  991.00  0.5611    
  992.00  0.5613    
  993.00  0.5615    
  994.00  0.5617    
  995.00  0.5619    
  996.00  0.5621    
  997.00  0.5624    
  998.00  0.5626    
  999.00  0.5628    
 1000.00  0.5630    
 1001.00  0.5633    
 1002.00  0.5635    
 1003.00  0.5637    
 1004.00  0.5640    
 1005.00  0.5642    
 1006.00  0.5644    
 1007.00  0.5647    
 1008.00  0.5649    
 1009.00  0.5652    
 1010.00  0.5654    
 1011.00  0.5657    
 1012.00  0.5660    
 1013.00  0.5662    
 1014.00  0.5665    
 1015.00  0.5667    
 1016.00  0.5670    
 1017.00  0.5673    
 1018.00  0.5675    
 1019.00  0.5678    
 1020.00  0.5681    
 1021.00  0.5684    
 1022.00  0.5687    
 1023.00  0.5689    
 1024.00  0.5692    
 1025.00  0.5695    
 1026.00  0.5698    
 1027.00  0.5701    
 1028.00  0.5704    
 1029.00  0.5707    
 1030.00  0.5710    
 1031.00  0.5713    
 1032.00  0.5716    
 1033.00  0.5719    
 1034.00  0.5722    
 1035.00  0.5725    
 1036.00  0.5728    
 1037.00  0.5730    
 1038.00  0.5733    
 1039.00  0.5736    
 1040.00  0.5739    
 1041.00  0.5741    
 1042.00  0.5744    
 1043.00  0.5747    
 1044.00  0.5749    
 1045.00  0.5752    
 1046.00  0.5755    
 1047.00  0.5757    
 1048.00  0.5760    
 1049.00  0.5762    
 1050.00  0.5765    
 1051.00  0.5767    
 1052.00  0.5770    
 1053.00  0.5772    
 1054.00  0.5774    
 1055.00  0.5777    
 1056.00  0.5779    
 1057.00  0.5782    
 1058.00  0.5784    
 1059.00  0.5786    
 1060.00  0.5788    
 1061.00  0.5791    
 1062.00  0.5793    
 1063.00  0.5795    
 1064.00  0.5797    
 1065.00  0.5799    
 1066.00  0.5801    
 1067.00  0.5803    
 1068.00  0.5805    
 1069.00  0.5807    
 1070.00  0.5809    
 1071.00  0.5811    
 1072.00  0.5813    
 1073.00  0.5815    
 1074.00  0.5817    
 1075.00  0.5819    
 1076.00  0.5821    
 1077.00  0.5823    
 1078.00  0.5824    
 1079.00  0.5826    
 1080.00  0.5828    
 1081.00  0.5829    
 1082.00  0.5831    
 1083.00  0.5833    
 1084.00  0.5834    
 1085.00  0.5836    
 1086.00  0.5838    
 1087.00  0.5839    
 1088.00  0.5841    
 1089.00  0.5842    
 1090.00  0.5844    
 1091.00  0.5845    
 1092.00  0.5847    
 1093.00  0.5848    
 1094.00  0.5849    
 1095.00  0.5851    
 1096.00  0.5852    
 1097.00  0.5853    
 1098.00  0.5855    
 1099.00  0.5856    
 1100.00  0.5857    
 1101.00  0.5858    
 1102.00  0.5860    
 1103.00  0.5861    
 1104.00  0.5862    
 1105.00  0.5863    
 1106.00  0.5864    
 1107.00  0.5865    
 1108.00  0.5866    
 1109.00  0.5867    
 1110.00  0.5868    
 1111.00  0.5869    
 1112.00  0.5870    
 1113.00  0.5871    
 1114.00  0.5872    
 1115.00  0.5873    
 1116.00  0.5873    
 1117.00  0.5874    
 1118.00  0.5875    
 1119.00  0.5876    
 1120.00  0.5876    
 1121.00  0.5877    
 1122.00  0.5877    
 1123.00  0.5878    
 1124.00  0.5878    
 1125.00  0.5879    
 1126.00  0.5879    
 1127.00  0.5879    
 1128.00  0.5880    
 1129.00  0.5880    
 1130.00  0.5880    
 1131.00  0.5880    
 1132.00  0.5880    
 1133.00  0.5880    
 1134.00  0.5880    
 1135.00  0.5879    
 1136.00  0.5879    
 1137.00  0.5879    
 1138.00  0.5878    
 1139.00  0.5878    
 1140.00  0.5878    
 1141.00  0.5877    
 1142.00  0.5876    
 1143.00  0.5876    
 1144.00  0.5875    
 1145.00  0.5874    
 1146.00  0.5874    
 1147.00  0.5873    
 1148.00  0.5872    
 1149.00  0.5871    
 1150.00  0.5870    
 1151.00  0.5869    
 1152.00  0.5867    
 1153.00  0.5866    
 1154.00  0.5865    
 1155.00  0.5864    
 1156.00  0.5862    
 1157.00  0.5861    
 1158.00  0.5859    
 1159.00  0.5858    
 1160.00  0.5856    
 1161.00  0.5854    
 1162.00  0.5853    
 1163.00  0.5851    
 1164.00  0.5849    
 1165.00  0.5847    
 1166.00  0.5845    
 1167.00  0.5843    
 1168.00  0.5841    
 1169.00  0.5839    
 1170.00  0.5837    
 1171.00  0.5835    
 1172.00  0.5832    
 1173.00  0.5830    
 1174.00  0.5828    
 1175.00  0.5825    
 1176.00  0.5823    
 1177.00  0.5820    
 1178.00  0.5818    
 1179.00  0.5816    
 1180.00  0.5814    
 1181.00  0.5812    
 1182.00  0.5811    
 1183.00  0.5809    
 1184.00  0.5808    
 1185.00  0.5806    
 1186.00  0.5805    
 1187.00  0.5804    
 1188.00  0.5803    
 1189.00  0.5802    
 1190.00  0.5802    
 1191.00  0.5801    
 1192.00  0.5801    
 1193.00  0.5800    
 1194.00  0.5800    
 1195.00  0.5800    
 1196.00  0.5800    
 1197.00  0.5801    
 1198.00  0.5801    
 1199.00  0.5802    
 1200.00  0.5802    
 1201.00  0.5803    
 1202.00  0.5804    
 1203.00  0.5805    
 1204.00  0.5806    
 1205.00  0.5807    
 1206.00  0.5809    
 1207.00  0.5810    
 1208.00  0.5812    
 1209.00  0.5814    
 1210.00  0.5816    
 1211.00  0.5818    
 1212.00  0.5820    
 1213.00  0.5823    
 1214.00  0.5825    
 1215.00  0.5828    
 1216.00  0.5830    
 1217.00  0.5833    
 1218.00  0.5836    
 1219.00  0.5839    
 1220.00  0.5843    
 1221.00  0.5846    
 1222.00  0.5850    
 1223.00  0.5853    
 1224.00  0.5857    
 1225.00  0.5861    
 1226.00  0.5865    
 1227.00  0.5869    
 1228.00  0.5873    
 1229.00  0.5877    
 1230.00  0.5881    
 1231.00  0.5885    
 1232.00  0.5889    
 1233.00  0.5894    
 1234.00  0.5898    
 1235.00  0.5902    
 1236.00  0.5906    
 1237.00  0.5910    
 1238.00  0.5914    
 1239.00  0.5918    
 1240.00  0.5923    
 1241.00  0.5927    
 1242.00  0.5931    
 1243.00  0.5935    
 1244.00  0.5939    
 1245.00  0.5944    
 1246.00  0.5948    
 1247.00  0.5952    
 1248.00  0.5956    
 1249.00  0.5961    
 1250.00  0.5965    
 1251.00  0.5969    
 1252.00  0.5973    
 1253.00  0.5978    
 1254.00  0.5982    
 1255.00  0.5986    
 1256.00  0.5991    
 1257.00  0.5995    
 1258.00  0.5999    
 1259.00  0.6004    
 1260.00  0.6008    
 1261.00  0.6012    
 1262.00  0.6017    
 1263.00  0.6021    
 1264.00  0.6025    
 1265.00  0.6030    
 1266.00  0.6034    
 1267.00  0.6039    
 1268.00  0.6043    
 1269.00  0.6048    
 1270.00  0.6052    
 1271.00  0.6056    
 1272.00  0.6061    
 1273.00  0.6065    
 1274.00  0.6070    
 1275.00  0.6074    
 1276.00  0.6079    
 1277.00  0.6083    
 1278.00  0.6088    
 1279.00  0.6092    
 1280.00  0.6097    
 1281.00  0.6101    
 1282.00  0.6106    
 1283.00  0.6111    
 1284.00  0.6115    
 1285.00  0.6120    
 1286.00  0.6124    
 1287.00  0.6129    
 1288.00  0.6134    
 1289.00  0.6138    
 1290.00  0.6143    
 1291.00  0.6148    
 1292.00  0.6153    
 1293.00  0.6157    
 1294.00  0.6162    
 1295.00  0.6167    
 1296.00  0.6172    
 1297.00  0.6177    
 1298.00  0.6182    
 1299.00  0.6186    
 1300.00  0.6191    
 1301.00  0.6196    
 1302.00  0.6201    
 1303.00  0.6206    
 1304.00  0.6211    
 1305.00  0.6216    
 1306.00  0.6221    
 1307.00  0.6226    
 1308.00  0.6231    
 1309.00  0.6236    
 1310.00  0.6239    
 1311.00  0.6242    
 1312.00  0.6243    
 1313.00  0.6244    
 1314.00  0.6244    
 1315.00  0.6243    
 1316.00  0.6241    
 1317.00  0.6239    
 1318.00  0.6235    
 1319.00  0.6231    
 1320.00  0.6226    
 1321.00  0.6220    
 1322.00  0.6213    
 1323.00  0.6205    
 1324.00  0.6197    
 1325.00  0.6187    
 1326.00  0.6177    
 1327.00  0.6166    
 1328.00  0.6154    
 1329.00  0.6141    
 1330.00  0.6127    
 1331.00  0.6113    
 1332.00  0.6099    
 1333.00  0.6085    
 1334.00  0.6071    
 1335.00  0.6057    
 1336.00  0.6043    
 1337.00  0.6029    
 1338.00  0.6015    
 1339.00  0.6001    
 1340.00  0.5986    
 1341.00  0.5972    
 1342.00  0.5958    
 1343.00  0.5943    
 1344.00  0.5929    
 1345.00  0.5914    
 1346.00  0.5900    
 1347.00  0.5885    
 1348.00  0.5871    
 1349.00  0.5856    
 1350.00  0.5842    
 1351.00  0.5827    
 1352.00  0.5812    
 1353.00  0.5797    
 1354.00  0.5783    
 1355.00  0.5768    
 1356.00  0.5753    
 1357.00  0.5739    
 1358.00  0.5725    
 1359.00  0.5712    
 1360.00  0.5698    
 1361.00  0.5685    
 1362.00  0.5672    
 1363.00  0.5659    
 1364.00  0.5647    
 1365.00  0.5635    
 1366.00  0.5623    
 1367.00  0.5611    
 1368.00  0.5599    
 1369.00  0.5588    
 1370.00  0.5577    
 1371.00  0.5566    
 1372.00  0.5556    
 1373.00  0.5546    
 1374.00  0.5536    
 1375.00  0.5526    
 1376.00  0.5516    
 1377.00  0.5507    
 1378.00  0.5498    
 1379.00  0.5489    
 1380.00  0.5481    
 1381.00  0.5473    
 1382.00  0.5465    
 1383.00  0.5457    
 1384.00  0.5449    
 1385.00  0.5442    
 1386.00  0.5435    
 1387.00  0.5428    
 1388.00  0.5422    
 1389.00  0.5415    
 1390.00  0.5409    
 1391.00  0.5403    
 1392.00  0.5398    
 1393.00  0.5392    
 1394.00  0.5387    
 1395.00  0.5382    
 1396.00  0.5378    
 1397.00  0.5374    
 1398.00  0.5369    
 1399.00  0.5365    
 1400.00  0.5362    
 1401.00  0.5358    
 1402.00  0.5355    
 1403.00  0.5351    
 1404.00  0.5348    
 1405.00  0.5345    
 1406.00  0.5342    
 1407.00  0.5340    
 1408.00  0.5337    
 1409.00  0.5335    
 1410.00  0.5333    
 1411.00  0.5331    
 1412.00  0.5329    
 1413.00  0.5327    
 1414.00  0.5326    
 1415.00  0.5325    
 1416.00  0.5324    
 1417.00  0.5323    
 1418.00  0.5322    
 1419.00  0.5321    
 1420.00  0.5321    
 1421.00  0.5320    
 1422.00  0.5320    
 1423.00  0.5320    
 1424.00  0.5320    
 1425.00  0.5321    
 1426.00  0.5321    
 1427.00  0.5322    
 1428.00  0.5323    
 1429.00  0.5324    
 1430.00  0.5325    
 1431.00  0.5326    
 1432.00  0.5328    
 1433.00  0.5329    
 1434.00  0.5331    
 1435.00  0.5333    
 1436.00  0.5335    
 1437.00  0.5338    
 1438.00  0.5340    
 1439.00  0.5343    
 1440.00  0.5346    
 1441.00  0.5349    
 1442.00  0.5352    
 1443.00  0.5355    
 1444.00  0.5359    
 1445.00  0.5362    
 1446.00  0.5366    
 1447.00  0.5370    
 1448.00  0.5374    
 1449.00  0.5379    
 1450.00  0.5383    
 1451.00  0.5387    
 1452.00  0.5392    
 1453.00  0.5396    
 1454.00  0.5401    
 1455.00  0.5406    
 1456.00  0.5410    
 1457.00  0.5415    
 1458.00  0.5420    
 1459.00  0.5425    
 1460.00  0.5430    
 1461.00  0.5435    
 1462.00  0.5441    
 1463.00  0.5446    
 1464.00  0.5451    
 1465.00  0.5457    
 1466.00  0.5462    
 1467.00  0.5468    
 1468.00  0.5473    
 1469.00  0.5479    
 1470.00  0.5485    
 1471.00  0.5491    
 1472.00  0.5497    
 1473.00  0.5503    
 1474.00  0.5509    
 1475.00  0.5515    
 1476.00  0.5521    
 1477.00  0.5528    
 1478.00  0.5534    
 1479.00  0.5541    
 1480.00  0.5547    
 1481.00  0.5554    
 1482.00  0.5560    
 1483.00  0.5567    
 1484.00  0.5574    
 1485.00  0.5581    
 1486.00  0.5588    
 1487.00  0.5595    
 1488.00  0.5602    
 1489.00  0.5610    
 1490.00  0.5617    
 1491.00  0.5624    
 1492.00  0.5632    
 1493.00  0.5639    
 1494.00  0.5647    
 1495.00  0.5655    
 1496.00  0.5662    
 1497.00  0.5670    
 1498.00  0.5678    
 1499.00  0.5686    
 1500.00  0.5694    
 1501.00  0.5702    
 1502.00  0.5709    
 1503.00  0.5717    
 1504.00  0.5724    
 1505.00  0.5731    
 1506.00  0.5738    
 1507.00  0.5745    
 1508.00  0.5752    
 1509.00  0.5759    
 1510.00  0.5765    
 1511.00  0.5771    
 1512.00  0.5778    
 1513.00  0.5784    
 1514.00  0.5789    
 1515.00  0.5795    
 1516.00  0.5801    
 1517.00  0.5806    
 1518.00  0.5812    
 1519.00  0.5817    
 1520.00  0.5822    
 1521.00  0.5827    
 1522.00  0.5832    
 1523.00  0.5836    
 1524.00  0.5841    
 1525.00  0.5845    
 1526.00  0.5849    
 1527.00  0.5853    
 1528.00  0.5857    
 1529.00  0.5861    
 1530.00  0.5865    
 1531.00  0.5868    
 1532.00  0.5872    
 1533.00  0.5875    
 1534.00  0.5878    
 1535.00  0.5881    
 1536.00  0.5884    
 1537.00  0.5886    
 1538.00  0.5889    
 1539.00  0.5891    
 1540.00  0.5893    
 1541.00  0.5896    
 1542.00  0.5897    
 1543.00  0.5899    
 1544.00  0.5901    
 1545.00  0.5902    
 1546.00  0.5904    
 1547.00  0.5905    
 1548.00  0.5906    
 1549.00  0.5907    
 1550.00  0.5908    
 1551.00  0.5909    
 1552.00  0.5909    
 1553.00  0.5910    
 1554.00  0.5910    
 1555.00  0.5910    
 1556.00  0.5910    
 1557.00  0.5910    
 1558.00  0.5910    
 1559.00  0.5910    
 1560.00  0.5910    
 1561.00  0.5911    
 1562.00  0.5912    
 1563.00  0.5913    
 1564.00  0.5914    
 1565.00  0.5916    
 1566.00  0.5918    
 1567.00  0.5920    
 1568.00  0.5922    
 1569.00  0.5925    
 1570.00  0.5928    
 1571.00  0.5931    
 1572.00  0.5934    
 1573.00  0.5937    
 1574.00  0.5941    
 1575.00  0.5945    
 1576.00  0.5949    
 1577.00  0.5954    
 1578.00  0.5958    
 1579.00  0.5963    
 1580.00  0.5968    
 1581.00  0.5974    
 1582.00  0.5979    
 1583.00  0.5985    
 1584.00  0.5991    
 1585.00  0.5997    
 1586.00  0.6004    
 1587.00  0.6011    
 1588.00  0.6018    
 1589.00  0.6025    
 1590.00  0.6032    
 1591.00  0.6040    
 1592.00  0.6048    
 1593.00  0.6056    
 1594.00  0.6065    
 1595.00  0.6073    
 1596.00  0.6082    
 1597.00  0.6091    
 1598.00  0.6100    
 1599.00  0.6109    
 1600.00  0.6117    
 1601.00  0.6124    
 1602.00  0.6131    
 1603.00  0.6138    
 1604.00  0.6144    
 1605.00  0.6149    
 1606.00  0.6155    
 1607.00  0.6159    
 1608.00  0.6164    
 1609.00  0.6167    
 1610.00  0.6171    
 1611.00  0.6174    
 1612.00  0.6176    
 1613.00  0.6178    
 1614.00  0.6179    
 1615.00  0.6180    
 1616.00  0.6181    
 1617.00  0.6181    
 1618.00  0.6181    
 1619.00  0.6180    
 1620.00  0.6178    
 1621.00  0.6177    
 1622.00  0.6174    
 1623.00  0.6172    
 1624.00  0.6169    
 1625.00  0.6165    
 1626.00  0.6161    
 1627.00  0.6156    
 1628.00  0.6151    
 1629.00  0.6146    
 1630.00  0.6140    
 1631.00  0.6134    
 1632.00  0.6127    
 1633.00  0.6121    
 1634.00  0.6114    
 1635.00  0.6108    
 1636.00  0.6101    
 1637.00  0.6094    
 1638.00  0.6088    
 1639.00  0.6081    
 1640.00  0.6074    
 1641.00  0.6067    
 1642.00  0.6060    
 1643.00  0.6053    
 1644.00  0.6046    
 1645.00  0.6039    
 1646.00  0.6031    
 1647.00  0.6024    
 1648.00  0.6017    
 1649.00  0.6009    
 1650.00  0.6002    
 1651.00  0.5994    
 1652.00  0.5986    
 1653.00  0.5979    
 1654.00  0.5971    
 1655.00  0.5963    
 1656.00  0.5955    
 1657.00  0.5947    
 1658.00  0.5939    
 1659.00  0.5931    
 1660.00  0.5923    
 1661.00  0.5915    
 1662.00  0.5906    
 1663.00  0.5898    
 1664.00  0.5890    
 1665.00  0.5882    
 1666.00  0.5874    
 1667.00  0.5866    
 1668.00  0.5858    
 1669.00  0.5850    
 1670.00  0.5842    
 1671.00  0.5834    
 1672.00  0.5826    
 1673.00  0.5819    
 1674.00  0.5811    
 1675.00  0.5803    
 1676.00  0.5795    
 1677.00  0.5788    
 1678.00  0.5780    
 1679.00  0.5773    
 1680.00  0.5765    
 1681.00  0.5758    
 1682.00  0.5750    
 1683.00  0.5743    
 1684.00  0.5736    
 1685.00  0.5728    
 1686.00  0.5721    
 1687.00  0.5714    
 1688.00  0.5707    
 1689.00  0.5699    
 1690.00  0.5692    
 1691.00  0.5685    
 1692.00  0.5678    
 1693.00  0.5671    
 1694.00  0.5664    
 1695.00  0.5657    
 1696.00  0.5651    
 1697.00  0.5644    
 1698.00  0.5637    
 1699.00  0.5631    
 1700.00  0.5624    
 1701.00  0.5618    
 1702.00  0.5612    
 1703.00  0.5607    
 1704.00  0.5601    
 1705.00  0.5596    
 1706.00  0.5591    
 1707.00  0.5587    
 1708.00  0.5582    
 1709.00  0.5578    
 1710.00  0.5574    
 1711.00  0.5570    
 1712.00  0.5566    
 1713.00  0.5563    
 1714.00  0.5559    
 1715.00  0.5556    
 1716.00  0.5554    
 1717.00  0.5551    
 1718.00  0.5549    
 1719.00  0.5546    
 1720.00  0.5544    
 1721.00  0.5543    
 1722.00  0.5541    
 1723.00  0.5540    
 1724.00  0.5539    
 1725.00  0.5538    
 1726.00  0.5537    
 1727.00  0.5537    
 1728.00  0.5537    
 1729.00  0.5537    
 1730.00  0.5537    
 1731.00  0.5537    
 1732.00  0.5538    
 1733.00  0.5539    
 1734.00  0.5540    
 1735.00  0.5541    
 1736.00  0.5543    
 1737.00  0.5545    
 1738.00  0.5547    
 1739.00  0.5549    
 1740.00  0.5551    
 1741.00  0.5554    
 1742.00  0.5557    
 1743.00  0.5560    
 1744.00  0.5563    
 1745.00  0.5566    
 1746.00  0.5570    
 1747.00  0.5574    
 1748.00  0.5578    
 1749.00  0.5582    
 1750.00  0.5586    
 1751.00  0.5589    
 1752.00  0.5593    
 1753.00  0.5596    
 1754.00  0.5600    
 1755.00  0.5603    
 1756.00  0.5607    
 1757.00  0.5610    
 1758.00  0.5613    
 1759.00  0.5616    
 1760.00  0.5619    
 1761.00  0.5622    
 1762.00  0.5625    
 1763.00  0.5628    
 1764.00  0.5631    
 1765.00  0.5633    
 1766.00  0.5636    
 1767.00  0.5639    
 1768.00  0.5641    
 1769.00  0.5644    
 1770.00  0.5646    
 1771.00  0.5648    
 1772.00  0.5650    
 1773.00  0.5653    
 1774.00  0.5655    
 1775.00  0.5657    
 1776.00  0.5659    
 1777.00  0.5660    
 1778.00  0.5662    
 1779.00  0.5664    
 1780.00  0.5666    
 1781.00  0.5667    
 1782.00  0.5669    
 1783.00  0.5670    
 1784.00  0.5671    
 1785.00  0.5673    
 1786.00  0.5674    
 1787.00  0.5675    
 1788.00  0.5676    
 1789.00  0.5677    
 1790.00  0.5678    
 1791.00  0.5679    
 1792.00  0.5680    
 1793.00  0.5681    
 1794.00  0.5681    
 1795.00  0.5682    
 1796.00  0.5682    
 1797.00  0.5683    
 1798.00  0.5683    
 1799.00  0.5684    
 1800.00  0.5684    
 1801.00  0.5684    
 1802.00  0.5684    
 1803.00  0.5684    
 1804.00  0.5685    
 1805.00  0.5685    
 1806.00  0.5685    
 1807.00  0.5685    
 1808.00  0.5685    
 1809.00  0.5686    
 1810.00  0.5686    
 1811.00  0.5686    
 1812.00  0.5686    
 1813.00  0.5686    
 1814.00  0.5686    
 1815.00  0.5686    
 1816.00  0.5686    
 1817.00  0.5687    
 1818.00  0.5687    
 1819.00  0.5687    
 1820.00  0.5687    
 1821.00  0.5687    
 1822.00  0.5687    
 1823.00  0.5687    
 1824.00  0.5687    
 1825.00  0.5687    
 1826.00  0.5687    
 1827.00  0.5687    
 1828.00  0.5687    
 1829.00  0.5687    
 1830.00  0.5687    
 1831.00  0.5687    
 1832.00  0.5687    
 1833.00  0.5687    
 1834.00  0.5687    
 1835.00  0.5687    
 1836.00  0.5687    
 1837.00  0.5687    
 1838.00  0.5687    
 1839.00  0.5687    
 1840.00  0.5687    
 1841.00  0.5687    
 1842.00  0.5686    
 1843.00  0.5686    
 1844.00  0.5686    
 1845.00  0.5686    
 1846.00  0.5686    
 1847.00  0.5686    
 1848.00  0.5686    
 1849.00  0.5685    
 1850.00  0.5685    
 1851.00  0.5685    
 1852.00  0.5685    
 1853.00  0.5685    
 1854.00  0.5685    
 1855.00  0.5684    
 1856.00  0.5684    
 1857.00  0.5684    
 1858.00  0.5684    
 1859.00  0.5683    
 1860.00  0.5683    
 1861.00  0.5683    
 1862.00  0.5683    
 1863.00  0.5682    
 1864.00  0.5682    
 1865.00  0.5682    
 1866.00  0.5682    
 1867.00  0.5681    
 1868.00  0.5681    
 1869.00  0.5681    
 1870.00  0.5680    
 1871.00  0.5680    
 1872.00  0.5680    
 1873.00  0.5679    
 1874.00  0.5679    
 1875.00  0.5679    
 1876.00  0.5678    
 1877.00  0.5678    
 1878.00  0.5678    
 1879.00  0.5677    
 1880.00  0.5677    
 1881.00  0.5676    
 1882.00  0.5676    
 1883.00  0.5676    
 1884.00  0.5675    
 1885.00  0.5675    
 1886.00  0.5674    
 1887.00  0.5674    
 1888.00  0.5674    
 1889.00  0.5673    
 1890.00  0.5673    
 1891.00  0.5672    
 1892.00  0.5672    
 1893.00  0.5671    
 1894.00  0.5671    
 1895.00  0.5671    
 1896.00  0.5670    
 1897.00  0.5670    
 1898.00  0.5669    
 1899.00  0.5669    
 1900.00  0.5668    
 1901.00  0.5668    
 1902.00  0.5667    
 1903.00  0.5667    
 1904.00  0.5666    
 1905.00  0.5666    
 1906.00  0.5665    
 1907.00  0.5665    
 1908.00  0.5664    
 1909.00  0.5663    
 1910.00  0.5663    
 1911.00  0.5662    
 1912.00  0.5662    
 1913.00  0.5661    
 1914.00  0.5661    
 1915.00  0.5660    
 1916.00  0.5660    
 1917.00  0.5659    
 1918.00  0.5658    
 1919.00  0.5658    
 1920.00  0.5657    
 1921.00  0.5657    
 1922.00  0.5656    
 1923.00  0.5655    
 1924.00  0.5655    
 1925.00  0.5654    
 1926.00  0.5654    
 1927.00  0.5653    
 1928.00  0.5652    
 1929.00  0.5652    
 1930.00  0.5651    
 1931.00  0.5650    
 1932.00  0.5650    
 1933.00  0.5649    
 1934.00  0.5648    
 1935.00  0.5648    
 1936.00  0.5647    
 1937.00  0.5646    
 1938.00  0.5645    
 1939.00  0.5645    
 1940.00  0.5644    
 1941.00  0.5643    
 1942.00  0.5643    
 1943.00  0.5642    
 1944.00  0.5641    
 1945.00  0.5640    
 1946.00  0.5639    
 1947.00  0.5638    
 1948.00  0.5638    
 1949.00  0.5637    
 1950.00  0.5635    
 1951.00  0.5634    
 1952.00  0.5633    
 1953.00  0.5632    
 1954.00  0.5631    
 1955.00  0.5630    
 1956.00  0.5628    
 1957.00  0.5627    
 1958.00  0.5626    
 1959.00  0.5624    
 1960.00  0.5623    
 1961.00  0.5621    
 1962.00  0.5620    
 1963.00  0.5618    
 1964.00  0.5617    
 1965.00  0.5615    
 1966.00  0.5613    
 1967.00  0.5612    
 1968.00  0.5610    
 1969.00  0.5608    
 1970.00  0.5606    
 1971.00  0.5604    
 1972.00  0.5602    
 1973.00  0.5600    
 1974.00  0.5598    
 1975.00  0.5596    
 1976.00  0.5594    
 1977.00  0.5592    
 1978.00  0.5590    
 1979.00  0.5588    
 1980.00  0.5585    
 1981.00  0.5583    
 1982.00  0.5581    
 1983.00  0.5578    
 1984.00  0.5576    
 1985.00  0.5574    
 1986.00  0.5571    
 1987.00  0.5568    
 1988.00  0.5566    
 1989.00  0.5563    
 1990.00  0.5561    
 1991.00  0.5558    
 1992.00  0.5555    
 1993.00  0.5552    
 1994.00  0.5550    
 1995.00  0.5547    
 1996.00  0.5544    
 1997.00  0.5541    
 1998.00  0.5538    
 1999.00  0.5535    
 2000.00  0.5532    
 2001.00  0.5529    
 2002.00  0.5525    
 2003.00  0.5522    
 2004.00  0.5519    
 2005.00  0.5516    
 2006.00  0.5512    
 2007.00  0.5509    
 2008.00  0.5506    
 2009.00  0.5502    
 2010.00  0.5499    
 2011.00  0.5495    
 2012.00  0.5492    
 2013.00  0.5488    
 2014.00  0.5484    
 2015.00  0.5481    
 2016.00  0.5477    
 2017.00  0.5473    
 2018.00  0.5469    
 2019.00  0.5465    
 2020.00  0.5462    
 2021.00  0.5458    
 2022.00  0.5454    
 2023.00  0.5450    
 2024.00  0.5446    
 2025.00  0.5441    
 2026.00  0.5437    
 2027.00  0.5433    
 2028.00  0.5429    
 2029.00  0.5425    
 2030.00  0.5420    
 2031.00  0.5416    
 2032.00  0.5412    
 2033.00  0.5407    
 2034.00  0.5403    
 2035.00  0.5399    
 2036.00  0.5394    
 2037.00  0.5390    
 2038.00  0.5385    
 2039.00  0.5381    
 2040.00  0.5376    
 2041.00  0.5372    
 2042.00  0.5367    
 2043.00  0.5363    
 2044.00  0.5358    
 2045.00  0.5353    
 2046.00  0.5349    
 2047.00  0.5344    
 2048.00  0.5339    
 2049.00  0.5335    
 2050.00  0.5330    
 2051.00  0.5325    
 2052.00  0.5320    
 2053.00  0.5316    
 2054.00  0.5311    
 2055.00  0.5306    
 2056.00  0.5301    
 2057.00  0.5296    
 2058.00  0.5291    
 2059.00  0.5286    
 2060.00  0.5281    
 2061.00  0.5276    
 2062.00  0.5271    
 2063.00  0.5266    
 2064.00  0.5261    
 2065.00  0.5256    
 2066.00  0.5250    
 2067.00  0.5245    
 2068.00  0.5240    
 2069.00  0.5235    
 2070.00  0.5230    
 2071.00  0.5224    
 2072.00  0.5219    
 2073.00  0.5214    
 2074.00  0.5208    
 2075.00  0.5203    
 2076.00  0.5197    
 2077.00  0.5192    
 2078.00  0.5187    
 2079.00  0.5181    
 2080.00  0.5176    
 2081.00  0.5170    
 2082.00  0.5165    
 2083.00  0.5160    
 2084.00  0.5155    
 2085.00  0.5150    
 2086.00  0.5145    
 2087.00  0.5141    
 2088.00  0.5137    
 2089.00  0.5133    
 2090.00  0.5129    
 2091.00  0.5126    
 2092.00  0.5122    
 2093.00  0.5119    
 2094.00  0.5116    
 2095.00  0.5113    
 2096.00  0.5111    
 2097.00  0.5108    
 2098.00  0.5106    
 2099.00  0.5104    
 2100.00  0.5102    
 2101.00  0.5101    
 2102.00  0.5099    
 2103.00  0.5098    
 2104.00  0.5097    
 2105.00  0.5096    
 2106.00  0.5095    
 2107.00  0.5095    
 2108.00  0.5095    
 2109.00  0.5095    
 2110.00  0.5095    
 2111.00  0.5095    
 2112.00  0.5096    
 2113.00  0.5096    
 2114.00  0.5097    
 2115.00  0.5098    
 2116.00  0.5100    
 2117.00  0.5101    
 2118.00  0.5103    
 2119.00  0.5105    
 2120.00  0.5107    
 2121.00  0.5109    
 2122.00  0.5111    
 2123.00  0.5114    
 2124.00  0.5117    
 2125.00  0.5120    
 2126.00  0.5123    
 2127.00  0.5126    
 2128.00  0.5129    
 2129.00  0.5133    
 2130.00  0.5136    
 2131.00  0.5139    
 2132.00  0.5143    
 2133.00  0.5146    
 2134.00  0.5150    
 2135.00  0.5153    
 2136.00  0.5157    
 2137.00  0.5161    
 2138.00  0.5165    
 2139.00  0.5168    
 2140.00  0.5172    
 2141.00  0.5176    
 2142.00  0.5180    
 2143.00  0.5184    
 2144.00  0.5188    
 2145.00  0.5192    
 2146.00  0.5197    
 2147.00  0.5201    
 2148.00  0.5205    
 2149.00  0.5210    
 2150.00  0.5214    
 2151.00  0.5219    
 2152.00  0.5223    
 2153.00  0.5228    
 2154.00  0.5232    
 2155.00  0.5237    
 2156.00  0.5242    
 2157.00  0.5246    
 2158.00  0.5250    
 2159.00  0.5253    
 2160.00  0.5256    
 2161.00  0.5258    
 2162.00  0.5261    
 2163.00  0.5262    
 2164.00  0.5263    
 2165.00  0.5264    
 2166.00  0.5265    
 2167.00  0.5265    
 2168.00  0.5264    
 2169.00  0.5263    
 2170.00  0.5262    
 2171.00  0.5260    
 2172.00  0.5258    
 2173.00  0.5256    
 2174.00  0.5253    
 2175.00  0.5250    
 2176.00  0.5246    
 2177.00  0.5242    
 2178.00  0.5237    
 2179.00  0.5232    
 2180.00  0.5226    
 2181.00  0.5221    
 2182.00  0.5214    
 2183.00  0.5208    
 2184.00  0.5201    
 2185.00  0.5193    
 2186.00  0.5185    
 2187.00  0.5177    
 2188.00  0.5168    
 2189.00  0.5160    
 2190.00  0.5151    
 2191.00  0.5142    
 2192.00  0.5133    
 2193.00  0.5124    
 2194.00  0.5115    
 2195.00  0.5106    
 2196.00  0.5097    
 2197.00  0.5087    
 2198.00  0.5078    
 2199.00  0.5068    
 2200.00  0.5058    
 2201.00  0.5048    
 2202.00  0.5038    
 2203.00  0.5028    
 2204.00  0.5018    
 2205.00  0.5007    
 2206.00  0.4997    
 2207.00  0.4986    
 2208.00  0.4976    
 2209.00  0.4965    
 2210.00  0.4954    
 2211.00  0.4943    
 2212.00  0.4932    
 2213.00  0.4921    
 2214.00  0.4910    
 2215.00  0.4898    
 2216.00  0.4887    
 2217.00  0.4875    
 2218.00  0.4863    
 2219.00  0.4851    
 2220.00  0.4839    
 2221.00  0.4827    
 2222.00  0.4815    
 2223.00  0.4803    
 2224.00  0.4790    
 2225.00  0.4778    
 2226.00  0.4765    
 2227.00  0.4752    
 2228.00  0.4740    
 2229.00  0.4727    
 2230.00  0.4714    
 2231.00  0.4702    
 2232.00  0.4689    
 2233.00  0.4677    
 2234.00  0.4664    
 2235.00  0.4651    
 2236.00  0.4639    
 2237.00  0.4627    
 2238.00  0.4614    
 2239.00  0.4602    
 2240.00  0.4589    
 2241.00  0.4577    
 2242.00  0.4565    
 2243.00  0.4552    
 2244.00  0.4540    
 2245.00  0.4528    
 2246.00  0.4515    
 2247.00  0.4503    
 2248.00  0.4491    
 2249.00  0.4479    
 2250.00  0.4467    
 2251.00  0.4455    
 2252.00  0.4443    
 2253.00  0.4430    
 2254.00  0.4418    
 2255.00  0.4406    
 2256.00  0.4394    
 2257.00  0.4382    
 2258.00  0.4371    
 2259.00  0.4359    
 2260.00  0.4347    
 2261.00  0.4335    
 2262.00  0.4323    
 2263.00  0.4311    
 2264.00  0.4299    
 2265.00  0.4288    
 2266.00  0.4276    
 2267.00  0.4264    
 2268.00  0.4253    
 2269.00  0.4241    
 2270.00  0.4229    
 2271.00  0.4218    
 2272.00  0.4207    
 2273.00  0.4196    
 2274.00  0.4186    
 2275.00  0.4175    
 2276.00  0.4165    
 2277.00  0.4155    
 2278.00  0.4146    
 2279.00  0.4136    
 2280.00  0.4127    
 2281.00  0.4118    
 2282.00  0.4109    
 2283.00  0.4100    
 2284.00  0.4092    
 2285.00  0.4084    
 2286.00  0.4076    
 2287.00  0.4068    
 2288.00  0.4061    
 2289.00  0.4053    
 2290.00  0.4046    
 2291.00  0.4040    
 2292.00  0.4033    
 2293.00  0.4026    
 2294.00  0.4020    
 2295.00  0.4014    
 2296.00  0.4009    
 2297.00  0.4003    
 2298.00  0.3998    
 2299.00  0.3993    
 2300.00  0.3988    
 2301.00  0.3983    
 2302.00  0.3979    
 2303.00  0.3975    
 2304.00  0.3971    
 2305.00  0.3967    
 2306.00  0.3964    
 2307.00  0.3960    
 2308.00  0.3957    
 2309.00  0.3954    
 2310.00  0.3952    
 2311.00  0.3949    
 2312.00  0.3947    
 2313.00  0.3945    
 2314.00  0.3943    
 2315.00  0.3942    
 2316.00  0.3940    
 2317.00  0.3939    
 2318.00  0.3938    
 2319.00  0.3938    
 2320.00  0.3937    
 2321.00  0.3936    
 2322.00  0.3936    
 2323.00  0.3936    
 2324.00  0.3936    
 2325.00  0.3936    
 2326.00  0.3936    
 2327.00  0.3936    
 2328.00  0.3936    
 2329.00  0.3937    
 2330.00  0.3937    
 2331.00  0.3938    
 2332.00  0.3939    
 2333.00  0.3940    
 2334.00  0.3941    
 2335.00  0.3942    
 2336.00  0.3944    
 2337.00  0.3945    
 2338.00  0.3947    
 2339.00  0.3949    
 2340.00  0.3950    
 2341.00  0.3952    
 2342.00  0.3955    
 2343.00  0.3957    
 2344.00  0.3959    
 2345.00  0.3962    
 2346.00  0.3964    
 2347.00  0.3967    
 2348.00  0.3970    
 2349.00  0.3973    
 2350.00  0.3976    
 2351.00  0.3979    
 2352.00  0.3983    
 2353.00  0.3986    
 2354.00  0.3990    
 2355.00  0.3994    
 2356.00  0.3998    
 2357.00  0.4002    
 2358.00  0.4006    
 2359.00  0.4010    
 2360.00  0.4015    
 2361.00  0.4019    
 2362.00  0.4024    
 2363.00  0.4028    
 2364.00  0.4033    
 2365.00  0.4037    
 2366.00  0.4041    
 2367.00  0.4046    
 2368.00  0.4050    
 2369.00  0.4054    
 2370.00  0.4058    
 2371.00  0.4062    
 2372.00  0.4066    
 2373.00  0.4070    
 2374.00  0.4073    
 2375.00  0.4077    
 2376.00  0.4080    
 2377.00  0.4084    
 2378.00  0.4087    
 2379.00  0.4091    
 2380.00  0.4094    
 2381.00  0.4097    
 2382.00  0.4100    
 2383.00  0.4103    
 2384.00  0.4106    
 2385.00  0.4109    
 2386.00  0.4111    
 2387.00  0.4114    
 2388.00  0.4117    
 2389.00  0.4119    
 2390.00  0.4122    
 2391.00  0.4124    
 2392.00  0.4126    
 2393.00  0.4128    
 2394.00  0.4131    
 2395.00  0.4133    
 2396.00  0.4134    
 2397.00  0.4136    
 2398.00  0.4138    
 2399.00  0.4140    
 2400.00  0.4141    
#wl(nm)	reflectance
# birch trunk, GER-2600, July 2001, Estonia
# kasetüvi, GER-2600, juuli 2001
