400.0	0.1125  
401.0	0.1125  
402.0	0.1125  
403.0	0.1125  
404.0	0.1125  
405.0	0.1126  
406.0	0.1126  
407.0	0.1126  
408.0	0.1127  
409.0	0.1127  
410.0	0.1127  
411.0	0.1128  
412.0	0.1128  
413.0	0.1129  
414.0	0.1129  
415.0	0.1130  
416.0	0.1130  
417.0	0.1131  
418.0	0.1132  
419.0	0.1132  
420.0	0.1133  
421.0	0.1134  
422.0	0.1134  
423.0	0.1135  
424.0	0.1136  
425.0	0.1137  
426.0	0.1138  
427.0	0.1139  
428.0	0.1139  
429.0	0.1140  
430.0	0.1141  
431.0	0.1142  
432.0	0.1143  
433.0	0.1144  
434.0	0.1146  
435.0	0.1147  
436.0	0.1148  
437.0	0.1149  
438.0	0.1150  
439.0	0.1151  
440.0	0.1153  
441.0	0.1154  
442.0	0.1155  
443.0	0.1157  
444.0	0.1158  
445.0	0.1159  
446.0	0.1161  
447.0	0.1162  
448.0	0.1164  
449.0	0.1165  
450.0	0.1167  
451.0	0.1168  
452.0	0.1170  
453.0	0.1172  
454.0	0.1173  
455.0	0.1175  
456.0	0.1177  
457.0	0.1178  
458.0	0.1180  
459.0	0.1182  
460.0	0.1184  
461.0	0.1186  
462.0	0.1187  
463.0	0.1189  
464.0	0.1191  
465.0	0.1193  
466.0	0.1195  
467.0	0.1197  
468.0	0.1199  
469.0	0.1201  
470.0	0.1203  
471.0	0.1206  
472.0	0.1208  
473.0	0.1210  
474.0	0.1212  
475.0	0.1214  
476.0	0.1217  
477.0	0.1219  
478.0	0.1221  
479.0	0.1224  
480.0	0.1226  
481.0	0.1229  
482.0	0.1231  
483.0	0.1233  
484.0	0.1236  
485.0	0.1238  
486.0	0.1241  
487.0	0.1244  
488.0	0.1246  
489.0	0.1249  
490.0	0.1252  
491.0	0.1254  
492.0	0.1257  
493.0	0.1260  
494.0	0.1263  
495.0	0.1265  
496.0	0.1268  
497.0	0.1271  
498.0	0.1273  
499.0	0.1276  
500.0	0.1279  
501.0	0.1281  
502.0	0.1284  
503.0	0.1287  
504.0	0.1289  
505.0	0.1292  
506.0	0.1295  
507.0	0.1297  
508.0	0.1300  
509.0	0.1302  
510.0	0.1305  
511.0	0.1307  
512.0	0.1310  
513.0	0.1312  
514.0	0.1315  
515.0	0.1317  
516.0	0.1320  
517.0	0.1322  
518.0	0.1324  
519.0	0.1327  
520.0	0.1329  
521.0	0.1332  
522.0	0.1334  
523.0	0.1336  
524.0	0.1339  
525.0	0.1341  
526.0	0.1343  
527.0	0.1346  
528.0	0.1348  
529.0	0.1350  
530.0	0.1352  
531.0	0.1355  
532.0	0.1357  
533.0	0.1359  
534.0	0.1361  
535.0	0.1363  
536.0	0.1366  
537.0	0.1368  
538.0	0.1370  
539.0	0.1372  
540.0	0.1374  
541.0	0.1376  
542.0	0.1378  
543.0	0.1380  
544.0	0.1382  
545.0	0.1384  
546.0	0.1387  
547.0	0.1389  
548.0	0.1391  
549.0	0.1393  
550.0	0.1394  
551.0	0.1396  
552.0	0.1398  
553.0	0.1400  
554.0	0.1402  
555.0	0.1404  
556.0	0.1406  
557.0	0.1408  
558.0	0.1410  
559.0	0.1412  
560.0	0.1413  
561.0	0.1415  
562.0	0.1417  
563.0	0.1419  
564.0	0.1421  
565.0	0.1422  
566.0	0.1424  
567.0	0.1426  
568.0	0.1428  
569.0	0.1429  
570.0	0.1431  
571.0	0.1433  
572.0	0.1434  
573.0	0.1436  
574.0	0.1438  
575.0	0.1439  
576.0	0.1441  
577.0	0.1443  
578.0	0.1444  
579.0	0.1446  
580.0	0.1448  
581.0	0.1449  
582.0	0.1451  
583.0	0.1453  
584.0	0.1455  
585.0	0.1456  
586.0	0.1458  
587.0	0.1460  
588.0	0.1462  
589.0	0.1463  
590.0	0.1465  
591.0	0.1467  
592.0	0.1469  
593.0	0.1471  
594.0	0.1472  
595.0	0.1474  
596.0	0.1476  
597.0	0.1478  
598.0	0.1480  
599.0	0.1481  
600.0	0.1483  
601.0	0.1485  
602.0	0.1487  
603.0	0.1489  
604.0	0.1491  
605.0	0.1493  
606.0	0.1494  
607.0	0.1496  
608.0	0.1498  
609.0	0.1500  
610.0	0.1502  
611.0	0.1504  
612.0	0.1506  
613.0	0.1508  
614.0	0.1510  
615.0	0.1512  
616.0	0.1514  
617.0	0.1516  
618.0	0.1517  
619.0	0.1519  
620.0	0.1521  
621.0	0.1523  
622.0	0.1524  
623.0	0.1526  
624.0	0.1527  
625.0	0.1528  
626.0	0.1530  
627.0	0.1531  
628.0	0.1532  
629.0	0.1532  
630.0	0.1533  
631.0	0.1534  
632.0	0.1534  
633.0	0.1535  
634.0	0.1535  
635.0	0.1535  
636.0	0.1535  
637.0	0.1535  
638.0	0.1535  
639.0	0.1535  
640.0	0.1534  
641.0	0.1534  
642.0	0.1533  
643.0	0.1533  
644.0	0.1532  
645.0	0.1531  
646.0	0.1530  
647.0	0.1529  
648.0	0.1528  
649.0	0.1526  
650.0	0.1525  
651.0	0.1523  
652.0	0.1522  
653.0	0.1520  
654.0	0.1519  
655.0	0.1517  
656.0	0.1517  
657.0	0.1517  
658.0	0.1517  
659.0	0.1517  
660.0	0.1519  
661.0	0.1520  
662.0	0.1522  
663.0	0.1525  
664.0	0.1528  
665.0	0.1531  
666.0	0.1535  
667.0	0.1539  
668.0	0.1544  
669.0	0.1550  
670.0	0.1555  
671.0	0.1561  
672.0	0.1568  
673.0	0.1575  
674.0	0.1583  
675.0	0.1591  
676.0	0.1599  
677.0	0.1608  
678.0	0.1617  
679.0	0.1627  
680.0	0.1637  
681.0	0.1648  
682.0	0.1659  
683.0	0.1671  
684.0	0.1683  
685.0	0.1695  
686.0	0.1708  
687.0	0.1722  
688.0	0.1736  
689.0	0.1749  
690.0	0.1763  
691.0	0.1776  
692.0	0.1789  
693.0	0.1802  
694.0	0.1814  
695.0	0.1827  
696.0	0.1839  
697.0	0.1851  
698.0	0.1863  
699.0	0.1875  
700.0	0.1886  
701.0	0.1898  
702.0	0.1909  
703.0	0.1920  
704.0	0.1931  
705.0	0.1941  
706.0	0.1952  
707.0	0.1962  
708.0	0.1972  
709.0	0.1982  
710.0	0.1991  
711.0	0.2001  
712.0	0.2010  
713.0	0.2019  
714.0	0.2028  
715.0	0.2037  
716.0	0.2045  
717.0	0.2054  
718.0	0.2062  
719.0	0.2070  
720.0	0.2078  
721.0	0.2085  
722.0	0.2093  
723.0	0.2100  
724.0	0.2107  
725.0	0.2114  
726.0	0.2121  
727.0	0.2127  
728.0	0.2134  
729.0	0.2140  
730.0	0.2146  
731.0	0.2152  
732.0	0.2158  
733.0	0.2164  
734.0	0.2170  
735.0	0.2176  
736.0	0.2182  
737.0	0.2188  
738.0	0.2194  
739.0	0.2200  
740.0	0.2206  
741.0	0.2212  
742.0	0.2218  
743.0	0.2224  
744.0	0.2230  
745.0	0.2236  
746.0	0.2242  
747.0	0.2247  
748.0	0.2253  
749.0	0.2259  
750.0	0.2265  
751.0	0.2271  
752.0	0.2277  
753.0	0.2283  
754.0	0.2289  
755.0	0.2295  
756.0	0.2300  
757.0	0.2306  
758.0	0.2312  
759.0	0.2318  
760.0	0.2324  
761.0	0.2330  
762.0	0.2335  
763.0	0.2341  
764.0	0.2347  
765.0	0.2353  
766.0	0.2359  
767.0	0.2364  
768.0	0.2370  
769.0	0.2376  
770.0	0.2382  
771.0	0.2387  
772.0	0.2393  
773.0	0.2399  
774.0	0.2405  
775.0	0.2410  
776.0	0.2416  
777.0	0.2422  
778.0	0.2427  
779.0	0.2433  
780.0	0.2439  
781.0	0.2444  
782.0	0.2450  
783.0	0.2456  
784.0	0.2461  
785.0	0.2467  
786.0	0.2473  
787.0	0.2478  
788.0	0.2484  
789.0	0.2490  
790.0	0.2495  
791.0	0.2501  
792.0	0.2506  
793.0	0.2512  
794.0	0.2517  
795.0	0.2523  
796.0	0.2529  
797.0	0.2534  
798.0	0.2540  
799.0	0.2546  
800.0	0.2551  
801.0	0.2557  
802.0	0.2563  
803.0	0.2568  
804.0	0.2574  
805.0	0.2580  
806.0	0.2586  
807.0	0.2591  
808.0	0.2597  
809.0	0.2603  
810.0	0.2609  
811.0	0.2615  
812.0	0.2620  
813.0	0.2626  
814.0	0.2632  
815.0	0.2638  
816.0	0.2644  
817.0	0.2650  
818.0	0.2656  
819.0	0.2662  
820.0	0.2668  
821.0	0.2674  
822.0	0.2680  
823.0	0.2686  
824.0	0.2692  
825.0	0.2698  
826.0	0.2704  
827.0	0.2710  
828.0	0.2716  
829.0	0.2722  
830.0	0.2728  
831.0	0.2734  
832.0	0.2740  
833.0	0.2746  
834.0	0.2753  
835.0	0.2759  
836.0	0.2765  
837.0	0.2771  
838.0	0.2777  
839.0	0.2784  
840.0	0.2790  
841.0	0.2796  
842.0	0.2802  
843.0	0.2809  
844.0	0.2815  
845.0	0.2821  
846.0	0.2828  
847.0	0.2834  
848.0	0.2840  
849.0	0.2847  
850.0	0.2853  
851.0	0.2859  
852.0	0.2866  
853.0	0.2872  
854.0	0.2878  
855.0	0.2885  
856.0	0.2891  
857.0	0.2897  
858.0	0.2904  
859.0	0.2910  
860.0	0.2916  
861.0	0.2922  
862.0	0.2928  
863.0	0.2934  
864.0	0.2940  
865.0	0.2946  
866.0	0.2952  
867.0	0.2958  
868.0	0.2964  
869.0	0.2970  
870.0	0.2976  
871.0	0.2982  
872.0	0.2988  
873.0	0.2993  
874.0	0.2999  
875.0	0.3005  
876.0	0.3011  
877.0	0.3016  
878.0	0.3022  
879.0	0.3028  
880.0	0.3033  
881.0	0.3039  
882.0	0.3044  
883.0	0.3050  
884.0	0.3056  
885.0	0.3061  
886.0	0.3066  
887.0	0.3072  
888.0	0.3077  
889.0	0.3083  
890.0	0.3088  
891.0	0.3093  
892.0	0.3099  
893.0	0.3104  
894.0	0.3109  
895.0	0.3114  
896.0	0.3119  
897.0	0.3125  
898.0	0.3130  
899.0	0.3135  
900.0	0.3140  
901.0	0.3145  
902.0	0.3150  
903.0	0.3155  
904.0	0.3160  
905.0	0.3165  
906.0	0.3169  
907.0	0.3174  
908.0	0.3178  
909.0	0.3183  
910.0	0.3187  
911.0	0.3191  
912.0	0.3195  
913.0	0.3198  
914.0	0.3202  
915.0	0.3206  
916.0	0.3209  
917.0	0.3212  
918.0	0.3216  
919.0	0.3219  
920.0	0.3222  
921.0	0.3224  
922.0	0.3227  
923.0	0.3230  
924.0	0.3232  
925.0	0.3235  
926.0	0.3237  
927.0	0.3239  
928.0	0.3241  
929.0	0.3243  
930.0	0.3244  
931.0	0.3246  
932.0	0.3247  
933.0	0.3249  
934.0	0.3250  
935.0	0.3251  
936.0	0.3252  
937.0	0.3253  
938.0	0.3255  
939.0	0.3256  
940.0	0.3258  
941.0	0.3261  
942.0	0.3263  
943.0	0.3266  
944.0	0.3269  
945.0	0.3273  
946.0	0.3277  
947.0	0.3281  
948.0	0.3286  
949.0	0.3291  
950.0	0.3296  
951.0	0.3301  
952.0	0.3307  
953.0	0.3313  
954.0	0.3320  
955.0	0.3327  
956.0	0.3334  
957.0	0.3341  
958.0	0.3349  
959.0	0.3357  
960.0	0.3366  
961.0	0.3374  
962.0	0.3384  
963.0	0.3393  
964.0	0.3403  
965.0	0.3413  
966.0	0.3423  
967.0	0.3434  
968.0	0.3445  
969.0	0.3456  
970.0	0.3468  
971.0	0.3480  
972.0	0.3492  
973.0	0.3504  
974.0	0.3517  
975.0	0.3529  
976.0	0.3542  
977.0	0.3556  
978.0	0.3569  
979.0	0.3583  
980.0	0.3596  
981.0	0.3610  
982.0	0.3625  
983.0	0.3639  
984.0	0.3654  
985.0	0.3669  
986.0	0.3684  
987.0	0.3699  
988.0	0.3715  
989.0	0.3731  
990.0	0.3747  
991.0	0.3763  
992.0	0.3780  
993.0	0.3796  
994.0	0.3813  
995.0	0.3830  
996.0	0.3846  
997.0	0.3862  
998.0	0.3877  
999.0	0.3892  
1000.0	0.3907  
1001.0	0.3921  
1002.0	0.3934  
1003.0	0.3948  
1004.0	0.3960  
1005.0	0.3973  
1006.0	0.3985  
1007.0	0.3996  
1008.0	0.4007  
1009.0	0.4018  
1010.0	0.4028  
1011.0	0.4038  
1012.0	0.4047  
1013.0	0.4056  
1014.0	0.4064  
1015.0	0.4072  
1016.0	0.4080  
1017.0	0.4087  
1018.0	0.4094  
1019.0	0.4101  
1020.0	0.4107  
1021.0	0.4113  
1022.0	0.4119  
1023.0	0.4124  
1024.0	0.4129  
1025.0	0.4134  
1026.0	0.4138  
1027.0	0.4143  
1028.0	0.4146  
1029.0	0.4150  
1030.0	0.4153  
1031.0	0.4156  
1032.0	0.4159  
1033.0	0.4161  
1034.0	0.4163  
1035.0	0.4165  
1036.0	0.4166  
1037.0	0.4168  
1038.0	0.4168  
1039.0	0.4169  
1040.0	0.4169  
1041.0	0.4169  
1042.0	0.4169  
1043.0	0.4168  
1044.0	0.4167  
1045.0	0.4166  
1046.0	0.4166  
1047.0	0.4165  
1048.0	0.4165  
1049.0	0.4165  
1050.0	0.4165  
1051.0	0.4165  
1052.0	0.4166  
1053.0	0.4167  
1054.0	0.4167  
1055.0	0.4169  
1056.0	0.4170  
1057.0	0.4171  
1058.0	0.4173  
1059.0	0.4175  
1060.0	0.4177  
1061.0	0.4179  
1062.0	0.4182  
1063.0	0.4184  
1064.0	0.4187  
1065.0	0.4190  
1066.0	0.4193  
1067.0	0.4197  
1068.0	0.4200  
1069.0	0.4204  
1070.0	0.4208  
1071.0	0.4212  
1072.0	0.4216  
1073.0	0.4221  
1074.0	0.4226  
1075.0	0.4231  
1076.0	0.4236  
1077.0	0.4241  
1078.0	0.4246  
1079.0	0.4252  
1080.0	0.4258  
1081.0	0.4263  
1082.0	0.4269  
1083.0	0.4274  
1084.0	0.4280  
1085.0	0.4285  
1086.0	0.4290  
1087.0	0.4296  
1088.0	0.4301  
1089.0	0.4306  
1090.0	0.4311  
1091.0	0.4317  
1092.0	0.4322  
1093.0	0.4327  
1094.0	0.4332  
1095.0	0.4337  
1096.0	0.4342  
1097.0	0.4347  
1098.0	0.4352  
1099.0	0.4356  
1100.0	0.4361  
1101.0	0.4366  
1102.0	0.4371  
1103.0	0.4375  
1104.0	0.4380  
1105.0	0.4385  
1106.0	0.4389  
1107.0	0.4394  
1108.0	0.4398  
1109.0	0.4403  
1110.0	0.4407  
1111.0	0.4412  
1112.0	0.4416  
1113.0	0.4420  
1114.0	0.4424  
1115.0	0.4429  
1116.0	0.4433  
1117.0	0.4437  
1118.0	0.4441  
1119.0	0.4445  
1120.0	0.4449  
1121.0	0.4453  
1122.0	0.4457  
1123.0	0.4461  
1124.0	0.4465  
1125.0	0.4469  
1126.0	0.4473  
1127.0	0.4476  
1128.0	0.4480  
1129.0	0.4484  
1130.0	0.4487  
1131.0	0.4491  
1132.0	0.4494  
1133.0	0.4498  
1134.0	0.4501  
1135.0	0.4505  
1136.0	0.4508  
1137.0	0.4511  
1138.0	0.4515  
1139.0	0.4518  
1140.0	0.4521  
1141.0	0.4524  
1142.0	0.4527  
1143.0	0.4531  
1144.0	0.4534  
1145.0	0.4537  
1146.0	0.4540  
1147.0	0.4542  
1148.0	0.4545  
1149.0	0.4548  
1150.0	0.4551  
1151.0	0.4554  
1152.0	0.4556  
1153.0	0.4559  
1154.0	0.4562  
1155.0	0.4564  
1156.0	0.4567  
1157.0	0.4569  
1158.0	0.4572  
1159.0	0.4574  
1160.0	0.4576  
1161.0	0.4579  
1162.0	0.4581  
1163.0	0.4583  
1164.0	0.4585  
1165.0	0.4588  
1166.0	0.4590  
1167.0	0.4592  
1168.0	0.4594  
1169.0	0.4596  
1170.0	0.4598  
1171.0	0.4600  
1172.0	0.4602  
1173.0	0.4603  
1174.0	0.4605  
1175.0	0.4607  
1176.0	0.4609  
1177.0	0.4610  
1178.0	0.4612  
1179.0	0.4614  
1180.0	0.4615  
1181.0	0.4617  
1182.0	0.4618  
1183.0	0.4620  
1184.0	0.4621  
1185.0	0.4623  
1186.0	0.4624  
1187.0	0.4626  
1188.0	0.4627  
1189.0	0.4628  
1190.0	0.4630  
1191.0	0.4631  
1192.0	0.4632  
1193.0	0.4634  
1194.0	0.4635  
1195.0	0.4636  
1196.0	0.4637  
1197.0	0.4638  
1198.0	0.4639  
1199.0	0.4640  
1200.0	0.4641  
1201.0	0.4642  
1202.0	0.4643  
1203.0	0.4644  
1204.0	0.4645  
1205.0	0.4646  
1206.0	0.4647  
1207.0	0.4648  
1208.0	0.4649  
1209.0	0.4649  
1210.0	0.4650  
1211.0	0.4651  
1212.0	0.4652  
1213.0	0.4652  
1214.0	0.4653  
1215.0	0.4653  
1216.0	0.4654  
1217.0	0.4655  
1218.0	0.4655  
1219.0	0.4656  
1220.0	0.4656  
1221.0	0.4657  
1222.0	0.4658  
1223.0	0.4659  
1224.0	0.4661  
1225.0	0.4662  
1226.0	0.4664  
1227.0	0.4667  
1228.0	0.4669  
1229.0	0.4672  
1230.0	0.4675  
1231.0	0.4678  
1232.0	0.4682  
1233.0	0.4686  
1234.0	0.4690  
1235.0	0.4694  
1236.0	0.4698  
1237.0	0.4703  
1238.0	0.4708  
1239.0	0.4713  
1240.0	0.4719  
1241.0	0.4724  
1242.0	0.4730  
1243.0	0.4737  
1244.0	0.4743  
1245.0	0.4750  
1246.0	0.4757  
1247.0	0.4764  
1248.0	0.4772  
1249.0	0.4779  
1250.0	0.4787  
1251.0	0.4795  
1252.0	0.4804  
1253.0	0.4813  
1254.0	0.4822  
1255.0	0.4831  
1256.0	0.4840  
1257.0	0.4850  
1258.0	0.4859  
1259.0	0.4868  
1260.0	0.4877  
1261.0	0.4886  
1262.0	0.4894  
1263.0	0.4902  
1264.0	0.4910  
1265.0	0.4917  
1266.0	0.4925  
1267.0	0.4932  
1268.0	0.4938  
1269.0	0.4945  
1270.0	0.4951  
1271.0	0.4957  
1272.0	0.4963  
1273.0	0.4968  
1274.0	0.4974  
1275.0	0.4979  
1276.0	0.4983  
1277.0	0.4988  
1278.0	0.4992  
1279.0	0.4996  
1280.0	0.5000  
1281.0	0.5003  
1282.0	0.5006  
1283.0	0.5009  
1284.0	0.5012  
1285.0	0.5014  
1286.0	0.5016  
1287.0	0.5018  
1288.0	0.5020  
1289.0	0.5021  
1290.0	0.5023  
1291.0	0.5023  
1292.0	0.5024  
1293.0	0.5024  
1294.0	0.5025  
1295.0	0.5025  
1296.0	0.5024  
1297.0	0.5024  
1298.0	0.5023  
1299.0	0.5022  
1300.0	0.5021  
1301.0	0.5019  
1302.0	0.5017  
1303.0	0.5016  
1304.0	0.5013  
1305.0	0.5011  
1306.0	0.5008  
1307.0	0.5005  
1308.0	0.5002  
1309.0	0.4999  
1310.0	0.4995  
1311.0	0.4991  
1312.0	0.4987  
1313.0	0.4983  
1314.0	0.4978  
1315.0	0.4973  
1316.0	0.4968  
1317.0	0.4963  
1318.0	0.4958  
1319.0	0.4952  
1320.0	0.4946  
1321.0	0.4940  
1322.0	0.4933  
1323.0	0.4926  
1324.0	0.4919  
1325.0	0.4912  
1326.0	0.4905  
1327.0	0.4897  
1328.0	0.4889  
1329.0	0.4881  
1330.0	0.4873  
1331.0	0.4864  
1332.0	0.4855  
1333.0	0.4846  
1334.0	0.4837  
1335.0	0.4827  
1336.0	0.4817  
1337.0	0.4807  
1338.0	0.4796  
1339.0	0.4786  
1340.0	0.4775  
1341.0	0.4764  
1342.0	0.4752  
1343.0	0.4740  
1344.0	0.4728  
1345.0	0.4716  
1346.0	0.4703  
1347.0	0.4691  
1348.0	0.4678  
1349.0	0.4664  
1350.0	0.4651  
1351.0	0.4637  
1352.0	0.4623  
1353.0	0.4608  
1354.0	0.4594  
1355.0	0.4579  
1356.0	0.4564  
1357.0	0.4548  
1358.0	0.4533  
1359.0	0.4517  
1360.0	0.4500  
1361.0	0.4484  
1362.0	0.4467  
1363.0	0.4450  
1364.0	0.4433  
1365.0	0.4416  
1366.0	0.4398  
1367.0	0.4380  
1368.0	0.4362  
1369.0	0.4345  
1370.0	0.4328  
1371.0	0.4312  
1372.0	0.4295  
1373.0	0.4279  
1374.0	0.4263  
1375.0	0.4248  
1376.0	0.4232  
1377.0	0.4217  
1378.0	0.4203  
1379.0	0.4188  
1380.0	0.4174  
1381.0	0.4160  
1382.0	0.4147  
1383.0	0.4133  
1384.0	0.4120  
1385.0	0.4107  
1386.0	0.4095  
1387.0	0.4083  
1388.0	0.4071  
1389.0	0.4059  
1390.0	0.4048  
1391.0	0.4036  
1392.0	0.4026  
1393.0	0.4015  
1394.0	0.4005  
1395.0	0.3995  
1396.0	0.3985  
1397.0	0.3975  
1398.0	0.3966  
1399.0	0.3957  
1400.0	0.3949  
1401.0	0.3941  
1402.0	0.3932  
1403.0	0.3925  
1404.0	0.3917  
1405.0	0.3910  
1406.0	0.3903  
1407.0	0.3897  
1408.0	0.3890  
1409.0	0.3884  
1410.0	0.3879  
1411.0	0.3873  
1412.0	0.3868  
1413.0	0.3863  
1414.0	0.3859  
1415.0	0.3854  
1416.0	0.3850  
1417.0	0.3846  
1418.0	0.3843  
1419.0	0.3840  
1420.0	0.3837  
1421.0	0.3834  
1422.0	0.3832  
1423.0	0.3830  
1424.0	0.3828  
1425.0	0.3827  
1426.0	0.3826  
1427.0	0.3825  
1428.0	0.3824  
1429.0	0.3824  
1430.0	0.3824  
1431.0	0.3824  
1432.0	0.3825  
1433.0	0.3826  
1434.0	0.3827  
1435.0	0.3828  
1436.0	0.3829  
1437.0	0.3831  
1438.0	0.3833  
1439.0	0.3835  
1440.0	0.3837  
1441.0	0.3840  
1442.0	0.3843  
1443.0	0.3846  
1444.0	0.3849  
1445.0	0.3852  
1446.0	0.3856  
1447.0	0.3860  
1448.0	0.3864  
1449.0	0.3869  
1450.0	0.3873  
1451.0	0.3878  
1452.0	0.3883  
1453.0	0.3889  
1454.0	0.3894  
1455.0	0.3900  
1456.0	0.3906  
1457.0	0.3912  
1458.0	0.3919  
1459.0	0.3925  
1460.0	0.3932  
1461.0	0.3939  
1462.0	0.3947  
1463.0	0.3954  
1464.0	0.3962  
1465.0	0.3970  
1466.0	0.3979  
1467.0	0.3987  
1468.0	0.3996  
1469.0	0.4005  
1470.0	0.4013  
1471.0	0.4022  
1472.0	0.4030  
1473.0	0.4038  
1474.0	0.4046  
1475.0	0.4054  
1476.0	0.4062  
1477.0	0.4070  
1478.0	0.4078  
1479.0	0.4086  
1480.0	0.4093  
1481.0	0.4101  
1482.0	0.4108  
1483.0	0.4116  
1484.0	0.4123  
1485.0	0.4130  
1486.0	0.4137  
1487.0	0.4144  
1488.0	0.4151  
1489.0	0.4157  
1490.0	0.4164  
1491.0	0.4171  
1492.0	0.4177  
1493.0	0.4183  
1494.0	0.4190  
1495.0	0.4196  
1496.0	0.4202  
1497.0	0.4208  
1498.0	0.4214  
1499.0	0.4220  
1500.0	0.4225  
1501.0	0.4231  
1502.0	0.4236  
1503.0	0.4242  
1504.0	0.4247  
1505.0	0.4252  
1506.0	0.4257  
1507.0	0.4262  
1508.0	0.4267  
1509.0	0.4272  
1510.0	0.4277  
1511.0	0.4282  
1512.0	0.4287  
1513.0	0.4292  
1514.0	0.4297  
1515.0	0.4301  
1516.0	0.4306  
1517.0	0.4311  
1518.0	0.4316  
1519.0	0.4321  
1520.0	0.4326  
1521.0	0.4330  
1522.0	0.4335  
1523.0	0.4340  
1524.0	0.4345  
1525.0	0.4349  
1526.0	0.4354  
1527.0	0.4359  
1528.0	0.4364  
1529.0	0.4368  
1530.0	0.4373  
1531.0	0.4378  
1532.0	0.4382  
1533.0	0.4387  
1534.0	0.4392  
1535.0	0.4396  
1536.0	0.4401  
1537.0	0.4405  
1538.0	0.4410  
1539.0	0.4415  
1540.0	0.4419  
1541.0	0.4424  
1542.0	0.4428  
1543.0	0.4433  
1544.0	0.4437  
1545.0	0.4442  
1546.0	0.4446  
1547.0	0.4451  
1548.0	0.4455  
1549.0	0.4460  
1550.0	0.4464  
1551.0	0.4469  
1552.0	0.4474  
1553.0	0.4479  
1554.0	0.4484  
1555.0	0.4489  
1556.0	0.4494  
1557.0	0.4499  
1558.0	0.4504  
1559.0	0.4510  
1560.0	0.4515  
1561.0	0.4520  
1562.0	0.4526  
1563.0	0.4532  
1564.0	0.4537  
1565.0	0.4543  
1566.0	0.4549  
1567.0	0.4555  
1568.0	0.4561  
1569.0	0.4567  
1570.0	0.4573  
1571.0	0.4580  
1572.0	0.4586  
1573.0	0.4592  
1574.0	0.4599  
1575.0	0.4605  
1576.0	0.4612  
1577.0	0.4619  
1578.0	0.4626  
1579.0	0.4633  
1580.0	0.4640  
1581.0	0.4647  
1582.0	0.4654  
1583.0	0.4661  
1584.0	0.4668  
1585.0	0.4676  
1586.0	0.4683  
1587.0	0.4691  
1588.0	0.4698  
1589.0	0.4705  
1590.0	0.4712  
1591.0	0.4719  
1592.0	0.4726  
1593.0	0.4733  
1594.0	0.4739  
1595.0	0.4746  
1596.0	0.4752  
1597.0	0.4758  
1598.0	0.4764  
1599.0	0.4770  
1600.0	0.4776  
1601.0	0.4782  
1602.0	0.4787  
1603.0	0.4793  
1604.0	0.4798  
1605.0	0.4803  
1606.0	0.4809  
1607.0	0.4814  
1608.0	0.4818  
1609.0	0.4823  
1610.0	0.4828  
1611.0	0.4832  
1612.0	0.4837  
1613.0	0.4841  
1614.0	0.4845  
1615.0	0.4849  
1616.0	0.4853  
1617.0	0.4857  
1618.0	0.4861  
1619.0	0.4864  
1620.0	0.4868  
1621.0	0.4871  
1622.0	0.4874  
1623.0	0.4877  
1624.0	0.4880  
1625.0	0.4883  
1626.0	0.4886  
1627.0	0.4888  
1628.0	0.4891  
1629.0	0.4893  
1630.0	0.4895  
1631.0	0.4898  
1632.0	0.4900  
1633.0	0.4901  
1634.0	0.4903  
1635.0	0.4905  
1636.0	0.4907  
1637.0	0.4908  
1638.0	0.4909  
1639.0	0.4911  
1640.0	0.4912  
1641.0	0.4913  
1642.0	0.4914  
1643.0	0.4915  
1644.0	0.4915  
1645.0	0.4916  
1646.0	0.4917  
1647.0	0.4917  
1648.0	0.4917  
1649.0	0.4918  
1650.0	0.4918  
1651.0	0.4918  
1652.0	0.4918  
1653.0	0.4917  
1654.0	0.4917  
1655.0	0.4917  
1656.0	0.4916  
1657.0	0.4916  
1658.0	0.4915  
1659.0	0.4914  
1660.0	0.4913  
1661.0	0.4912  
1662.0	0.4911  
1663.0	0.4910  
1664.0	0.4909  
1665.0	0.4907  
1666.0	0.4906  
1667.0	0.4904  
1668.0	0.4902  
1669.0	0.4901  
1670.0	0.4899  
1671.0	0.4897  
1672.0	0.4895  
1673.0	0.4892  
1674.0	0.4890  
1675.0	0.4888  
1676.0	0.4885  
1677.0	0.4882  
1678.0	0.4880  
1679.0	0.4877  
1680.0	0.4874  
1681.0	0.4871  
1682.0	0.4868  
1683.0	0.4864  
1684.0	0.4861  
1685.0	0.4857  
1686.0	0.4854  
1687.0	0.4851  
1688.0	0.4848  
1689.0	0.4844  
1690.0	0.4841  
1691.0	0.4838  
1692.0	0.4835  
1693.0	0.4833  
1694.0	0.4830  
1695.0	0.4827  
1696.0	0.4824  
1697.0	0.4822  
1698.0	0.4819  
1699.0	0.4817  
1700.0	0.4814  
1701.0	0.4812  
1702.0	0.4809  
1703.0	0.4807  
1704.0	0.4805  
1705.0	0.4803  
1706.0	0.4801  
1707.0	0.4799  
1708.0	0.4797  
1709.0	0.4795  
1710.0	0.4794  
1711.0	0.4792  
1712.0	0.4790  
1713.0	0.4789  
1714.0	0.4787  
1715.0	0.4786  
1716.0	0.4784  
1717.0	0.4783  
1718.0	0.4782  
1719.0	0.4781  
1720.0	0.4780  
1721.0	0.4779  
1722.0	0.4778  
1723.0	0.4777  
1724.0	0.4776  
1725.0	0.4775  
1726.0	0.4775  
1727.0	0.4774  
1728.0	0.4773  
1729.0	0.4773  
1730.0	0.4772  
1731.0	0.4772  
1732.0	0.4772  
1733.0	0.4772  
1734.0	0.4771  
1735.0	0.4771  
1736.0	0.4771  
1737.0	0.4771  
1738.0	0.4771  
1739.0	0.4771  
1740.0	0.4771  
1741.0	0.4771  
1742.0	0.4771  
1743.0	0.4771  
1744.0	0.4771  
1745.0	0.4771  
1746.0	0.4771  
1747.0	0.4771  
1748.0	0.4772  
1749.0	0.4772  
1750.0	0.4772  
1751.0	0.4773  
1752.0	0.4773  
1753.0	0.4773  
1754.0	0.4774  
1755.0	0.4774  
1756.0	0.4774  
1757.0	0.4775  
1758.0	0.4775  
1759.0	0.4776  
1760.0	0.4777  
1761.0	0.4777  
1762.0	0.4778  
1763.0	0.4778  
1764.0	0.4779  
1765.0	0.4780  
1766.0	0.4780  
1767.0	0.4780  
1768.0	0.4779  
1769.0	0.4778  
1770.0	0.4777  
1771.0	0.4775  
1772.0	0.4773  
1773.0	0.4770  
1774.0	0.4767  
1775.0	0.4764  
1776.0	0.4760  
1777.0	0.4756  
1778.0	0.4752  
1779.0	0.4747  
1780.0	0.4741  
1781.0	0.4735  
1782.0	0.4729  
1783.0	0.4723  
1784.0	0.4716  
1785.0	0.4708  
1786.0	0.4700  
1787.0	0.4692  
1788.0	0.4684  
1789.0	0.4675  
1790.0	0.4665  
1791.0	0.4655  
1792.0	0.4645  
1793.0	0.4635  
1794.0	0.4624  
1795.0	0.4614  
1796.0	0.4603  
1797.0	0.4592  
1798.0	0.4580  
1799.0	0.4569  
1800.0	0.4557  
1801.0	0.4545  
1802.0	0.4533  
1803.0	0.4521  
1804.0	0.4508  
1805.0	0.4496  
1806.0	0.4483  
1807.0	0.4470  
1808.0	0.4457  
1809.0	0.4443  
1810.0	0.4430  
1811.0	0.4416  
1812.0	0.4402  
1813.0	0.4388  
1814.0	0.4373  
1815.0	0.4359  
1816.0	0.4344  
1817.0	0.4329  
1818.0	0.4315  
1819.0	0.4301  
1820.0	0.4287  
1821.0	0.4274  
1822.0	0.4261  
1823.0	0.4249  
1824.0	0.4237  
1825.0	0.4225  
1826.0	0.4214  
1827.0	0.4203  
1828.0	0.4192  
1829.0	0.4182  
1830.0	0.4172  
1831.0	0.4163  
1832.0	0.4154  
1833.0	0.4146  
1834.0	0.4138  
1835.0	0.4130  
1836.0	0.4123  
1837.0	0.4116  
1838.0	0.4109  
1839.0	0.4103  
1840.0	0.4097  
1841.0	0.4092  
1842.0	0.4087  
1843.0	0.4082  
1844.0	0.4078  
1845.0	0.4074  
1846.0	0.4071  
1847.0	0.4068  
1848.0	0.4065  
1849.0	0.4063  
1850.0	0.4061  
1851.0	0.4060  
1852.0	0.4059  
1853.0	0.4059  
1854.0	0.4058  
1855.0	0.4059  
1856.0	0.4059  
1857.0	0.4060  
1858.0	0.4062  
1859.0	0.4064  
1860.0	0.4066  
1861.0	0.4069  
1862.0	0.4072  
1863.0	0.4075  
1864.0	0.4079  
1865.0	0.4083  
1866.0	0.4088  
1867.0	0.4093  
1868.0	0.4099  
1869.0	0.4104  
1870.0	0.4111  
1871.0	0.4117  
1872.0	0.4124  
1873.0	0.4132  
1874.0	0.4140  
1875.0	0.4148  
1876.0	0.4156  
1877.0	0.4165  
1878.0	0.4173  
1879.0	0.4181  
1880.0	0.4188  
1881.0	0.4196  
1882.0	0.4204  
1883.0	0.4211  
1884.0	0.4218  
1885.0	0.4226  
1886.0	0.4233  
1887.0	0.4240  
1888.0	0.4246  
1889.0	0.4253  
1890.0	0.4260  
1891.0	0.4266  
1892.0	0.4273  
1893.0	0.4279  
1894.0	0.4285  
1895.0	0.4291  
1896.0	0.4297  
1897.0	0.4303  
1898.0	0.4308  
1899.0	0.4314  
1900.0	0.4319  
1901.0	0.4325  
1902.0	0.4330  
1903.0	0.4335  
1904.0	0.4340  
1905.0	0.4345  
1906.0	0.4349  
1907.0	0.4354  
1908.0	0.4358  
1909.0	0.4363  
1910.0	0.4367  
1911.0	0.4371  
1912.0	0.4375  
1913.0	0.4379  
1914.0	0.4383  
1915.0	0.4386  
1916.0	0.4390  
1917.0	0.4393  
1918.0	0.4396  
1919.0	0.4399  
1920.0	0.4402  
1921.0	0.4405  
1922.0	0.4408  
1923.0	0.4410  
1924.0	0.4413  
1925.0	0.4415  
1926.0	0.4417  
1927.0	0.4419  
1928.0	0.4421  
1929.0	0.4423  
1930.0	0.4425  
1931.0	0.4426  
1932.0	0.4428  
1933.0	0.4429  
1934.0	0.4430  
1935.0	0.4431  
1936.0	0.4432  
1937.0	0.4433  
1938.0	0.4434  
1939.0	0.4434  
1940.0	0.4435  
1941.0	0.4435  
1942.0	0.4435  
1943.0	0.4435  
1944.0	0.4435  
1945.0	0.4435  
1946.0	0.4435  
1947.0	0.4434  
1948.0	0.4434  
1949.0	0.4433  
1950.0	0.4432  
1951.0	0.4431  
1952.0	0.4430  
1953.0	0.4429  
1954.0	0.4428  
1955.0	0.4426  
1956.0	0.4425  
1957.0	0.4423  
1958.0	0.4421  
1959.0	0.4419  
1960.0	0.4417  
1961.0	0.4415  
1962.0	0.4413  
1963.0	0.4410  
1964.0	0.4408  
1965.0	0.4405  
1966.0	0.4403  
1967.0	0.4400  
1968.0	0.4397  
1969.0	0.4394  
1970.0	0.4392  
1971.0	0.4389  
1972.0	0.4386  
1973.0	0.4383  
1974.0	0.4380  
1975.0	0.4377  
1976.0	0.4374  
1977.0	0.4371  
1978.0	0.4367  
1979.0	0.4364  
1980.0	0.4361  
1981.0	0.4358  
1982.0	0.4354  
1983.0	0.4351  
1984.0	0.4348  
1985.0	0.4344  
1986.0	0.4341  
1987.0	0.4337  
1988.0	0.4333  
1989.0	0.4330  
1990.0	0.4326  
1991.0	0.4322  
1992.0	0.4319  
1993.0	0.4315  
1994.0	0.4311  
1995.0	0.4307  
1996.0	0.4303  
1997.0	0.4299  
1998.0	0.4295  
1999.0	0.4291  
2000.0	0.4287  
2001.0	0.4283  
2002.0	0.4279  
2003.0	0.4275  
2004.0	0.4271  
2005.0	0.4266  
2006.0	0.4262  
2007.0	0.4258  
2008.0	0.4253  
2009.0	0.4249  
2010.0	0.4244  
2011.0	0.4240  
2012.0	0.4235  
2013.0	0.4231  
2014.0	0.4226  
2015.0	0.4221  
2016.0	0.4217  
2017.0	0.4212  
2018.0	0.4207  
2019.0	0.4202  
2020.0	0.4197  
2021.0	0.4193  
2022.0	0.4188  
2023.0	0.4183  
2024.0	0.4178  
2025.0	0.4174  
2026.0	0.4169  
2027.0	0.4164  
2028.0	0.4160  
2029.0	0.4155  
2030.0	0.4150  
2031.0	0.4146  
2032.0	0.4141  
2033.0	0.4137  
2034.0	0.4132  
2035.0	0.4128  
2036.0	0.4124  
2037.0	0.4119  
2038.0	0.4115  
2039.0	0.4111  
2040.0	0.4106  
2041.0	0.4102  
2042.0	0.4098  
2043.0	0.4093  
2044.0	0.4089  
2045.0	0.4085  
2046.0	0.4081  
2047.0	0.4077  
2048.0	0.4073  
2049.0	0.4069  
2050.0	0.4065  
2051.0	0.4061  
2052.0	0.4057  
2053.0	0.4053  
2054.0	0.4049  
2055.0	0.4045  
2056.0	0.4041  
2057.0	0.4037  
2058.0	0.4034  
2059.0	0.4030  
2060.0	0.4026  
2061.0	0.4022  
2062.0	0.4019  
2063.0	0.4015  
2064.0	0.4011  
2065.0	0.4008  
2066.0	0.4004  
2067.0	0.4001  
2068.0	0.3997  
2069.0	0.3994  
2070.0	0.3990  
2071.0	0.3987  
2072.0	0.3983  
2073.0	0.3980  
2074.0	0.3977  
2075.0	0.3973  
2076.0	0.3970  
2077.0	0.3967  
2078.0	0.3964  
2079.0	0.3961  
2080.0	0.3958  
2081.0	0.3956  
2082.0	0.3953  
2083.0	0.3951  
2084.0	0.3948  
2085.0	0.3946  
2086.0	0.3944  
2087.0	0.3942  
2088.0	0.3940  
2089.0	0.3939  
2090.0	0.3937  
2091.0	0.3936  
2092.0	0.3935  
2093.0	0.3933  
2094.0	0.3932  
2095.0	0.3931  
2096.0	0.3930  
2097.0	0.3930  
2098.0	0.3929  
2099.0	0.3929  
2100.0	0.3928  
2101.0	0.3928  
2102.0	0.3928  
2103.0	0.3928  
2104.0	0.3928  
2105.0	0.3929  
2106.0	0.3929  
2107.0	0.3929  
2108.0	0.3930  
2109.0	0.3931  
2110.0	0.3932  
2111.0	0.3933  
2112.0	0.3934  
2113.0	0.3935  
2114.0	0.3936  
2115.0	0.3938  
2116.0	0.3940  
2117.0	0.3941  
2118.0	0.3943  
2119.0	0.3945  
2120.0	0.3947  
2121.0	0.3949  
2122.0	0.3952  
2123.0	0.3954  
2124.0	0.3957  
2125.0	0.3959  
2126.0	0.3962  
2127.0	0.3965  
2128.0	0.3968  
2129.0	0.3971  
2130.0	0.3975  
2131.0	0.3978  
2132.0	0.3982  
2133.0	0.3985  
2134.0	0.3989  
2135.0	0.3993  
2136.0	0.3997  
2137.0	0.4001  
2138.0	0.4005  
2139.0	0.4010  
2140.0	0.4014  
2141.0	0.4018  
2142.0	0.4023  
2143.0	0.4027  
2144.0	0.4032  
2145.0	0.4037  
2146.0	0.4041  
2147.0	0.4046  
2148.0	0.4051  
2149.0	0.4056  
2150.0	0.4061  
2151.0	0.4066  
2152.0	0.4072  
2153.0	0.4077  
2154.0	0.4082  
2155.0	0.4088  
2156.0	0.4093  
2157.0	0.4099  
2158.0	0.4104  
2159.0	0.4110  
2160.0	0.4116  
2161.0	0.4122  
2162.0	0.4128  
2163.0	0.4134  
2164.0	0.4140  
2165.0	0.4146  
2166.0	0.4152  
2167.0	0.4158  
2168.0	0.4165  
2169.0	0.4171  
2170.0	0.4178  
2171.0	0.4184  
2172.0	0.4191  
2173.0	0.4198  
2174.0	0.4204  
2175.0	0.4211  
2176.0	0.4218  
2177.0	0.4225  
2178.0	0.4231  
2179.0	0.4237  
2180.0	0.4243  
2181.0	0.4249  
2182.0	0.4255  
2183.0	0.4260  
2184.0	0.4265  
2185.0	0.4270  
2186.0	0.4274  
2187.0	0.4279  
2188.0	0.4283  
2189.0	0.4287  
2190.0	0.4291  
2191.0	0.4294  
2192.0	0.4297  
2193.0	0.4300  
2194.0	0.4303  
2195.0	0.4306  
2196.0	0.4308  
2197.0	0.4310  
2198.0	0.4312  
2199.0	0.4314  
2200.0	0.4315  
2201.0	0.4316  
2202.0	0.4317  
2203.0	0.4318  
2204.0	0.4319  
2205.0	0.4319  
2206.0	0.4319  
2207.0	0.4319  
2208.0	0.4319  
2209.0	0.4318  
2210.0	0.4317  
2211.0	0.4316  
2212.0	0.4315  
2213.0	0.4313  
2214.0	0.4312  
2215.0	0.4310  
2216.0	0.4308  
2217.0	0.4305  
2218.0	0.4303  
2219.0	0.4301  
2220.0	0.4298  
2221.0	0.4295  
2222.0	0.4292  
2223.0	0.4289  
2224.0	0.4286  
2225.0	0.4283  
2226.0	0.4279  
2227.0	0.4276  
2228.0	0.4272  
2229.0	0.4268  
2230.0	0.4264  
2231.0	0.4260  
2232.0	0.4256  
2233.0	0.4251  
2234.0	0.4247  
2235.0	0.4242  
2236.0	0.4238  
2237.0	0.4233  
2238.0	0.4228  
2239.0	0.4223  
2240.0	0.4217  
2241.0	0.4212  
2242.0	0.4206  
2243.0	0.4201  
2244.0	0.4195  
2245.0	0.4189  
2246.0	0.4183  
2247.0	0.4177  
2248.0	0.4170  
2249.0	0.4164  
2250.0	0.4157  
2251.0	0.4151  
2252.0	0.4144  
2253.0	0.4137  
2254.0	0.4130  
2255.0	0.4123  
2256.0	0.4116  
2257.0	0.4109  
2258.0	0.4102  
2259.0	0.4096  
2260.0	0.4090  
2261.0	0.4084  
2262.0	0.4078  
2263.0	0.4072  
2264.0	0.4067  
2265.0	0.4061  
2266.0	0.4056  
2267.0	0.4051  
2268.0	0.4046  
2269.0	0.4041  
2270.0	0.4037  
2271.0	0.4032  
2272.0	0.4028  
2273.0	0.4024  
2274.0	0.4020  
2275.0	0.4017  
2276.0	0.4013  
2277.0	0.4010  
2278.0	0.4006  
2279.0	0.4003  
2280.0	0.4001  
2281.0	0.3998  
2282.0	0.3995  
2283.0	0.3993  
2284.0	0.3991  
2285.0	0.3989  
2286.0	0.3987  
2287.0	0.3985  
2288.0	0.3984  
2289.0	0.3982  
2290.0	0.3981  
2291.0	0.3980  
2292.0	0.3979  
2293.0	0.3979  
2294.0	0.3978  
2295.0	0.3978  
2296.0	0.3978  
2297.0	0.3978  
2298.0	0.3978  
2299.0	0.3978  
2300.0	0.3978  
2301.0	0.3978  
2302.0	0.3979  
2303.0	0.3979  
2304.0	0.3980  
2305.0	0.3980  
2306.0	0.3981  
2307.0	0.3982  
2308.0	0.3983  
2309.0	0.3984  
2310.0	0.3985  
2311.0	0.3987  
2312.0	0.3988  
2313.0	0.3990  
2314.0	0.3991  
2315.0	0.3993  
2316.0	0.3995  
2317.0	0.3997  
2318.0	0.3999  
2319.0	0.4001  
2320.0	0.4003  
2321.0	0.4006  
2322.0	0.4008  
2323.0	0.4011  
2324.0	0.4013  
2325.0	0.4016  
2326.0	0.4019  
2327.0	0.4022  
2328.0	0.4025  
2329.0	0.4028  
2330.0	0.4032  
2331.0	0.4035  
2332.0	0.4039  
2333.0	0.4042  
2334.0	0.4046  
2335.0	0.4050  
2336.0	0.4054  
2337.0	0.4058  
2338.0	0.4062  
2339.0	0.4066  
2340.0	0.4070  
2341.0	0.4075  
2342.0	0.4079  
2343.0	0.4084  
2344.0	0.4089  
2345.0	0.4094  
2346.0	0.4099  
2347.0	0.4104  
2348.0	0.4109  
2349.0	0.4114  
2350.0	0.4120  
2351.0	0.4125  
2352.0	0.4131  
2353.0	0.4136  
2354.0	0.4142  
2355.0	0.4147  
2356.0	0.4153  
2357.0	0.4159  
2358.0	0.4164  
2359.0	0.4170  
2360.0	0.4175  
2361.0	0.4181  
2362.0	0.4187  
2363.0	0.4192  
2364.0	0.4198  
2365.0	0.4203  
2366.0	0.4209  
2367.0	0.4215  
2368.0	0.4220  
2369.0	0.4226  
2370.0	0.4232  
2371.0	0.4237  
2372.0	0.4243  
2373.0	0.4249  
2374.0	0.4254  
2375.0	0.4260  
2376.0	0.4266  
2377.0	0.4271  
2378.0	0.4277  
2379.0	0.4283  
2380.0	0.4288  
2381.0	0.4294  
2382.0	0.4300  
2383.0	0.4305  
2384.0	0.4311  
2385.0	0.4317  
2386.0	0.4322  
2387.0	0.4328  
2388.0	0.4334  
2389.0	0.4339  
2390.0	0.4345  
2391.0	0.4351  
2392.0	0.4357  
2393.0	0.4362  
2394.0	0.4368  
2395.0	0.4374  
2396.0	0.4379  
2397.0	0.4385  
2398.0	0.4391  
2399.0	0.4397  
2400.0	0.4402
#wlgnth,nm	reflectance
# spruce trunk, GER-2600, July 2001, Estonia
# kuuse tüvi, GER-2600, juuli 2001
