#orig_header understory_fertility3_A2_20090602
# understory_fertility3_A2_20090602
#site A2
#year 2009.0
#fertility 3.0
#export VNIR 1.0
#export VSWIR 1.0
#wl(nm) A2_2009
#source C:\data\2019\2019_onedrive\projektid\AIROBEST\data\understoryspectra.xlsx
 400.00	0.0247
 401.00	0.0247
 402.00	0.0248
 403.00	0.0249
 404.00	0.0251
 405.00	0.0252
 406.00	0.0254
 407.00	0.0256
 408.00	0.0258
 409.00	0.0260
 410.00	0.0263
 411.00	0.0265
 412.00	0.0267
 413.00	0.0269
 414.00	0.0272
 415.00	0.0274
 416.00	0.0276
 417.00	0.0278
 418.00	0.0280
 419.00	0.0282
 420.00	0.0284
 421.00	0.0286
 422.00	0.0288
 423.00	0.0289
 424.00	0.0291
 425.00	0.0293
 426.00	0.0295
 427.00	0.0297
 428.00	0.0298
 429.00	0.0300
 430.00	0.0302
 431.00	0.0304
 432.00	0.0306
 433.00	0.0307
 434.00	0.0309
 435.00	0.0310
 436.00	0.0312
 437.00	0.0314
 438.00	0.0316
 439.00	0.0317
 440.00	0.0319
 441.00	0.0321
 442.00	0.0323
 443.00	0.0324
 444.00	0.0326
 445.00	0.0328
 446.00	0.0330
 447.00	0.0332
 448.00	0.0334
 449.00	0.0336
 450.00	0.0338
 451.00	0.0339
 452.00	0.0341
 453.00	0.0343
 454.00	0.0345
 455.00	0.0347
 456.00	0.0348
 457.00	0.0350
 458.00	0.0351
 459.00	0.0353
 460.00	0.0355
 461.00	0.0357
 462.00	0.0358
 463.00	0.0359
 464.00	0.0361
 465.00	0.0362
 466.00	0.0363
 467.00	0.0365
 468.00	0.0366
 469.00	0.0368
 470.00	0.0369
 471.00	0.0371
 472.00	0.0372
 473.00	0.0374
 474.00	0.0375
 475.00	0.0377
 476.00	0.0378
 477.00	0.0380
 478.00	0.0382
 479.00	0.0383
 480.00	0.0384
 481.00	0.0386
 482.00	0.0388
 483.00	0.0389
 484.00	0.0391
 485.00	0.0393
 486.00	0.0395
 487.00	0.0397
 488.00	0.0399
 489.00	0.0401
 490.00	0.0403
 491.00	0.0406
 492.00	0.0408
 493.00	0.0411
 494.00	0.0414
 495.00	0.0417
 496.00	0.0420
 497.00	0.0424
 498.00	0.0427
 499.00	0.0431
 500.00	0.0435
 501.00	0.0440
 502.00	0.0444
 503.00	0.0448
 504.00	0.0453
 505.00	0.0458
 506.00	0.0464
 507.00	0.0470
 508.00	0.0476
 509.00	0.0482
 510.00	0.0489
 511.00	0.0496
 512.00	0.0503
 513.00	0.0511
 514.00	0.0520
 515.00	0.0529
 516.00	0.0537
 517.00	0.0547
 518.00	0.0556
 519.00	0.0566
 520.00	0.0576
 521.00	0.0585
 522.00	0.0595
 523.00	0.0605
 524.00	0.0614
 525.00	0.0624
 526.00	0.0633
 527.00	0.0641
 528.00	0.0650
 529.00	0.0657
 530.00	0.0665
 531.00	0.0672
 532.00	0.0678
 533.00	0.0684
 534.00	0.0690
 535.00	0.0695
 536.00	0.0700
 537.00	0.0704
 538.00	0.0709
 539.00	0.0713
 540.00	0.0716
 541.00	0.0720
 542.00	0.0724
 543.00	0.0727
 544.00	0.0730
 545.00	0.0734
 546.00	0.0737
 547.00	0.0741
 548.00	0.0744
 549.00	0.0747
 550.00	0.0750
 551.00	0.0753
 552.00	0.0756
 553.00	0.0758
 554.00	0.0761
 555.00	0.0762
 556.00	0.0764
 557.00	0.0765
 558.00	0.0766
 559.00	0.0766
 560.00	0.0766
 561.00	0.0766
 562.00	0.0766
 563.00	0.0765
 564.00	0.0764
 565.00	0.0763
 566.00	0.0761
 567.00	0.0760
 568.00	0.0758
 569.00	0.0756
 570.00	0.0754
 571.00	0.0752
 572.00	0.0750
 573.00	0.0748
 574.00	0.0746
 575.00	0.0744
 576.00	0.0743
 577.00	0.0742
 578.00	0.0741
 579.00	0.0740
 580.00	0.0740
 581.00	0.0739
 582.00	0.0739
 583.00	0.0739
 584.00	0.0739
 585.00	0.0740
 586.00	0.0740
 587.00	0.0741
 588.00	0.0741
 589.00	0.0742
 590.00	0.0743
 591.00	0.0744
 592.00	0.0745
 593.00	0.0747
 594.00	0.0748
 595.00	0.0750
 596.00	0.0751
 597.00	0.0753
 598.00	0.0755
 599.00	0.0757
 600.00	0.0758
 601.00	0.0760
 602.00	0.0762
 603.00	0.0763
 604.00	0.0765
 605.00	0.0766
 606.00	0.0768
 607.00	0.0769
 608.00	0.0770
 609.00	0.0771
 610.00	0.0772
 611.00	0.0773
 612.00	0.0774
 613.00	0.0775
 614.00	0.0776
 615.00	0.0777
 616.00	0.0778
 617.00	0.0779
 618.00	0.0780
 619.00	0.0781
 620.00	0.0782
 621.00	0.0784
 622.00	0.0786
 623.00	0.0788
 624.00	0.0790
 625.00	0.0793
 626.00	0.0795
 627.00	0.0798
 628.00	0.0801
 629.00	0.0804
 630.00	0.0807
 631.00	0.0810
 632.00	0.0812
 633.00	0.0814
 634.00	0.0816
 635.00	0.0816
 636.00	0.0817
 637.00	0.0817
 638.00	0.0816
 639.00	0.0815
 640.00	0.0814
 641.00	0.0812
 642.00	0.0810
 643.00	0.0808
 644.00	0.0807
 645.00	0.0805
 646.00	0.0804
 647.00	0.0803
 648.00	0.0802
 649.00	0.0802
 650.00	0.0802
 651.00	0.0803
 652.00	0.0804
 653.00	0.0805
 654.00	0.0806
 655.00	0.0807
 656.00	0.0808
 657.00	0.0808
 658.00	0.0809
 659.00	0.0809
 660.00	0.0809
 661.00	0.0808
 662.00	0.0808
 663.00	0.0807
 664.00	0.0806
 665.00	0.0806
 666.00	0.0805
 667.00	0.0805
 668.00	0.0805
 669.00	0.0806
 670.00	0.0807
 671.00	0.0808
 672.00	0.0809
 673.00	0.0810
 674.00	0.0813
 675.00	0.0815
 676.00	0.0818
 677.00	0.0821
 678.00	0.0825
 679.00	0.0829
 680.00	0.0834
 681.00	0.0841
 682.00	0.0848
 683.00	0.0857
 684.00	0.0867
 685.00	0.0879
 686.00	0.0892
 687.00	0.0907
 688.00	0.0924
 689.00	0.0943
 690.00	0.0963
 691.00	0.0986
 692.00	0.1009
 693.00	0.1035
 694.00	0.1062
 695.00	0.1089
 696.00	0.1118
 697.00	0.1148
 698.00	0.1179
 699.00	0.1210
 700.00	0.1241
 701.00	0.1271
 702.00	0.1302
 703.00	0.1333
 704.00	0.1363
 705.00	0.1392
 706.00	0.1421
 707.00	0.1450
 708.00	0.1478
 709.00	0.1505
 710.00	0.1533
 711.00	0.1560
 712.00	0.1588
 713.00	0.1616
 714.00	0.1644
 715.00	0.1671
 716.00	0.1699
 717.00	0.1726
 718.00	0.1753
 719.00	0.1779
 720.00	0.1805
 721.00	0.1831
 722.00	0.1856
 723.00	0.1880
 724.00	0.1904
 725.00	0.1927
 726.00	0.1949
 727.00	0.1970
 728.00	0.1990
 729.00	0.2010
 730.00	0.2029
 731.00	0.2047
 732.00	0.2065
 733.00	0.2081
 734.00	0.2096
 735.00	0.2111
 736.00	0.2126
 737.00	0.2139
 738.00	0.2152
 739.00	0.2164
 740.00	0.2176
 741.00	0.2187
 742.00	0.2198
 743.00	0.2208
 744.00	0.2218
 745.00	0.2227
 746.00	0.2236
 747.00	0.2245
 748.00	0.2253
 749.00	0.2261
 750.00	0.2268
 751.00	0.2275
 752.00	0.2280
 753.00	0.2286
 754.00	0.2292
 755.00	0.2299
 756.00	0.2306
 757.00	0.2313
 758.00	0.2320
 759.00	0.2328
 760.00	0.2335
 761.00	0.2342
 762.00	0.2349
 763.00	0.2355
 764.00	0.2361
 765.00	0.2366
 766.00	0.2371
 767.00	0.2376
 768.00	0.2379
 769.00	0.2381
 770.00	0.2383
 771.00	0.2387
 772.00	0.2391
 773.00	0.2395
 774.00	0.2399
 775.00	0.2404
 776.00	0.2409
 777.00	0.2414
 778.00	0.2418
 779.00	0.2423
 780.00	0.2428
 781.00	0.2433
 782.00	0.2437
 783.00	0.2442
 784.00	0.2447
 785.00	0.2451
 786.00	0.2456
 787.00	0.2461
 788.00	0.2465
 789.00	0.2470
 790.00	0.2475
 791.00	0.2479
 792.00	0.2484
 793.00	0.2488
 794.00	0.2493
 795.00	0.2498
 796.00	0.2502
 797.00	0.2507
 798.00	0.2511
 799.00	0.2516
 800.00	0.2520
 801.00	0.2525
 802.00	0.2529
 803.00	0.2534
 804.00	0.2538
 805.00	0.2542
 806.00	0.2547
 807.00	0.2551
 808.00	0.2556
 809.00	0.2560
 810.00	0.2564
 811.00	0.2569
 812.00	0.2574
 813.00	0.2579
 814.00	0.2583
 815.00	0.2588
 816.00	0.2593
 817.00	0.2598
 818.00	0.2602
 819.00	0.2607
 820.00	0.2611
 821.00	0.2615
 822.00	0.2619
 823.00	0.2623
 824.00	0.2627
 825.00	0.2631
 826.00	0.2636
 827.00	0.2640
 828.00	0.2644
 829.00	0.2649
 830.00	0.2653
 831.00	0.2657
 832.00	0.2661
 833.00	0.2665
 834.00	0.2670
 835.00	0.2674
 836.00	0.2678
 837.00	0.2681
 838.00	0.2685
 839.00	0.2689
 840.00	0.2693
 841.00	0.2697
 842.00	0.2700
 843.00	0.2704
 844.00	0.2708
 845.00	0.2711
 846.00	0.2715
 847.00	0.2718
 848.00	0.2722
 849.00	0.2726
 850.00	0.2730
 851.00	0.2733
 852.00	0.2737
 853.00	0.2741
 854.00	0.2745
 855.00	0.2749
 856.00	0.2752
 857.00	0.2756
 858.00	0.2759
 859.00	0.2763
 860.00	0.2766
 861.00	0.2769
 862.00	0.2773
 863.00	0.2776
 864.00	0.2779
 865.00	0.2782
 866.00	0.2786
 867.00	0.2789
 868.00	0.2792
 869.00	0.2795
 870.00	0.2799
 871.00	0.2802
 872.00	0.2806
 873.00	0.2809
 874.00	0.2812
 875.00	0.2816
 876.00	0.2819
 877.00	0.2823
 878.00	0.2826
 879.00	0.2830
 880.00	0.2834
 881.00	0.2838
 882.00	0.2842
 883.00	0.2846
 884.00	0.2849
 885.00	0.2853
 886.00	0.2856
 887.00	0.2860
 888.00	0.2863
 889.00	0.2866
 890.00	0.2870
 891.00	0.2873
 892.00	0.2876
 893.00	0.2880
 894.00	0.2884
 895.00	0.2888
 896.00	0.2892
 897.00	0.2897
 898.00	0.2901
 899.00	0.2905
 900.00	0.2909
 901.00	0.2912
 902.00	0.2916
 903.00	0.2919
 904.00	0.2922
 905.00	0.2925
 906.00	0.2928
 907.00	0.2931
 908.00	0.2934
 909.00	0.2937
 910.00	0.2940
 911.00	0.2943
 912.00	0.2947
 913.00	0.2951
 914.00	0.2954
 915.00	0.2958
 916.00	0.2961
 917.00	0.2964
 918.00	0.2967
 919.00	0.2970
 920.00	0.2972
 921.00	0.2974
 922.00	0.2976
 923.00	0.2977
 924.00	0.2978
 925.00	0.2978
 926.00	0.2979
 927.00	0.2980
 928.00	0.2980
 929.00	0.2981
 930.00	0.2983
 931.00	0.2986
 932.00	0.2989
 933.00	0.2993
 934.00	0.2996
 935.00	0.3000
 936.00	0.3003
 937.00	0.3005
 938.00	0.3008
 939.00	0.3011
 940.00	0.3014
 941.00	0.3016
 942.00	0.3017
 943.00	0.3019
 944.00	0.3021
 945.00	0.3022
 946.00	0.3024
 947.00	0.3025
 948.00	0.3026
 949.00	0.3027
 950.00	0.3029
 951.00	0.3030
 952.00	0.3030
 953.00	0.3031
 954.00	0.3032
 955.00	0.3032
 956.00	0.3034
 957.00	0.3036
 958.00	0.3037
 959.00	0.3040
 960.00	0.3042
 961.00	0.3045
 962.00	0.3049
 963.00	0.3051
 964.00	0.3053
 965.00	0.3055
 966.00	0.3057
 967.00	0.3060
 968.00	0.3063
 969.00	0.3065
 970.00	0.3068
 971.00	0.3071
 972.00	0.3073
 973.00	0.3074
 974.00	0.3076
 975.00	0.3078
 976.00	0.3079
 977.00	0.3082
 978.00	0.3084
 979.00	0.3086
 980.00	0.3088
 981.00	0.3090
 982.00	0.3092
 983.00	0.3094
 984.00	0.3097
 985.00	0.3100
 986.00	0.3102
 987.00	0.3104
 988.00	0.3107
 989.00	0.3108
 990.00	0.3109
 991.00	0.3111
 992.00	0.3112
 993.00	0.3114
 994.00	0.3116
 995.00	0.3121
 996.00	0.3126
 997.00	0.3131
 998.00	0.3137
 999.00	0.3144
1000.00	0.3152
1001.00	0.3159
1002.00	0.3166
1003.00	0.3172
1004.00	0.3178
1005.00	0.3184
1006.00	0.3189
1007.00	0.3193
1008.00	0.3196
1009.00	0.3199
1010.00	0.3202
1011.00	0.3206
1012.00	0.3209
1013.00	0.3213
1014.00	0.3216
1015.00	0.3220
1016.00	0.3223
1017.00	0.3227
1018.00	0.3230
1019.00	0.3234
1020.00	0.3237
1021.00	0.3241
1022.00	0.3244
1023.00	0.3248
1024.00	0.3251
1025.00	0.3255
1026.00	0.3259
1027.00	0.3263
1028.00	0.3266
1029.00	0.3270
1030.00	0.3274
1031.00	0.3277
1032.00	0.3281
1033.00	0.3284
1034.00	0.3288
1035.00	0.3291
1036.00	0.3294
1037.00	0.3298
1038.00	0.3301
1039.00	0.3305
1040.00	0.3308
1041.00	0.3312
1042.00	0.3315
1043.00	0.3318
1044.00	0.3322
1045.00	0.3325
1046.00	0.3329
1047.00	0.3332
1048.00	0.3336
1049.00	0.3339
1050.00	0.3343
1051.00	0.3346
1052.00	0.3349
1053.00	0.3353
1054.00	0.3356
1055.00	0.3360
1056.00	0.3363
1057.00	0.3366
1058.00	0.3370
1059.00	0.3373
1060.00	0.3377
1061.00	0.3380
1062.00	0.3383
1063.00	0.3387
1064.00	0.3390
1065.00	0.3393
1066.00	0.3397
1067.00	0.3400
1068.00	0.3403
1069.00	0.3407
1070.00	0.3410
1071.00	0.3414
1072.00	0.3417
1073.00	0.3420
1074.00	0.3423
1075.00	0.3426
1076.00	0.3429
1077.00	0.3433
1078.00	0.3436
1079.00	0.3439
1080.00	0.3442
1081.00	0.3445
1082.00	0.3448
1083.00	0.3451
1084.00	0.3454
1085.00	0.3457
1086.00	0.3460
1087.00	0.3463
1088.00	0.3466
1089.00	0.3469
1090.00	0.3471
1091.00	0.3474
1092.00	0.3477
1093.00	0.3480
1094.00	0.3483
1095.00	0.3485
1096.00	0.3488
1097.00	0.3491
1098.00	0.3493
1099.00	0.3496
1100.00	0.3498
1101.00	0.3500
1102.00	0.3503
1103.00	0.3505
1104.00	0.3508
1105.00	0.3510
1106.00	0.3512
1107.00	0.3514
1108.00	0.3516
1109.00	0.3518
1110.00	0.3521
1111.00	0.3523
1112.00	0.3525
1113.00	0.3527
1114.00	0.3529
1115.00	0.3531
1116.00	0.3533
1117.00	0.3535
1118.00	0.3537
1119.00	0.3539
1120.00	0.3541
1121.00	0.3543
1122.00	0.3545
1123.00	0.3547
1124.00	0.3549
1125.00	0.3551
1126.00	0.3553
1127.00	0.3554
1128.00	0.3556
1129.00	0.3557
1130.00	0.3558
1131.00	0.3559
1132.00	0.3559
1133.00	0.3560
1134.00	0.3559
1135.00	0.3559
1136.00	0.3558
1137.00	0.3558
1138.00	0.3557
1139.00	0.3556
1140.00	0.3555
1141.00	0.3554
1142.00	0.3552
1143.00	0.3550
1144.00	0.3548
1145.00	0.3546
1146.00	0.3544
1147.00	0.3542
1148.00	0.3541
1149.00	0.3539
1150.00	0.3537
1151.00	0.3535
1152.00	0.3533
1153.00	0.3532
1154.00	0.3531
1155.00	0.3530
1156.00	0.3529
1157.00	0.3529
1158.00	0.3528
1159.00	0.3528
1160.00	0.3527
1161.00	0.3526
1162.00	0.3526
1163.00	0.3526
1164.00	0.3526
1165.00	0.3526
1166.00	0.3526
1167.00	0.3526
1168.00	0.3526
1169.00	0.3526
1170.00	0.3526
1171.00	0.3527
1172.00	0.3527
1173.00	0.3528
1174.00	0.3528
1175.00	0.3529
1176.00	0.3529
1177.00	0.3530
1178.00	0.3530
1179.00	0.3531
1180.00	0.3532
1181.00	0.3532
1182.00	0.3533
1183.00	0.3534
1184.00	0.3535
1185.00	0.3536
1186.00	0.3537
1187.00	0.3538
1188.00	0.3539
1189.00	0.3540
1190.00	0.3542
1191.00	0.3543
1192.00	0.3545
1193.00	0.3546
1194.00	0.3548
1195.00	0.3549
1196.00	0.3551
1197.00	0.3553
1198.00	0.3555
1199.00	0.3556
1200.00	0.3558
1201.00	0.3560
1202.00	0.3563
1203.00	0.3565
1204.00	0.3567
1205.00	0.3570
1206.00	0.3572
1207.00	0.3575
1208.00	0.3578
1209.00	0.3581
1210.00	0.3584
1211.00	0.3587
1212.00	0.3591
1213.00	0.3594
1214.00	0.3598
1215.00	0.3601
1216.00	0.3605
1217.00	0.3609
1218.00	0.3613
1219.00	0.3617
1220.00	0.3621
1221.00	0.3625
1222.00	0.3629
1223.00	0.3633
1224.00	0.3638
1225.00	0.3642
1226.00	0.3646
1227.00	0.3650
1228.00	0.3655
1229.00	0.3659
1230.00	0.3663
1231.00	0.3668
1232.00	0.3672
1233.00	0.3676
1234.00	0.3680
1235.00	0.3684
1236.00	0.3689
1237.00	0.3693
1238.00	0.3697
1239.00	0.3701
1240.00	0.3705
1241.00	0.3709
1242.00	0.3713
1243.00	0.3717
1244.00	0.3721
1245.00	0.3724
1246.00	0.3728
1247.00	0.3732
1248.00	0.3736
1249.00	0.3739
1250.00	0.3743
1251.00	0.3746
1252.00	0.3749
1253.00	0.3752
1254.00	0.3756
1255.00	0.3759
1256.00	0.3762
1257.00	0.3766
1258.00	0.3769
1259.00	0.3773
1260.00	0.3776
1261.00	0.3779
1262.00	0.3783
1263.00	0.3786
1264.00	0.3789
1265.00	0.3792
1266.00	0.3795
1267.00	0.3798
1268.00	0.3802
1269.00	0.3805
1270.00	0.3808
1271.00	0.3811
1272.00	0.3814
1273.00	0.3817
1274.00	0.3820
1275.00	0.3823
1276.00	0.3826
1277.00	0.3829
1278.00	0.3832
1279.00	0.3835
1280.00	0.3838
1281.00	0.3840
1282.00	0.3842
1283.00	0.3845
1284.00	0.3847
1285.00	0.3850
1286.00	0.3852
1287.00	0.3854
1288.00	0.3857
1289.00	0.3859
1290.00	0.3861
1291.00	0.3863
1292.00	0.3865
1293.00	0.3866
1294.00	0.3868
1295.00	0.3869
1296.00	0.3870
1297.00	0.3872
1298.00	0.3873
1299.00	0.3874
1300.00	0.3875
1301.00	0.3876
1302.00	0.3876
1303.00	0.3877
1304.00	0.3878
1305.00	0.3878
1306.00	0.3878
1307.00	0.3879
1308.00	0.3879
1309.00	0.3878
1310.00	0.3878
1311.00	0.3877
1312.00	0.3876
1313.00	0.3876
1314.00	0.3875
1315.00	0.3874
1316.00	0.3873
1317.00	0.3872
1318.00	0.3870
1319.00	0.3868
1320.00	0.3867
1321.00	0.3865
1322.00	0.3863
1323.00	0.3860
1324.00	0.3858
1325.00	0.3855
1326.00	0.3853
1327.00	0.3850
1328.00	0.3847
1329.00	0.3844
1330.00	0.3841
1331.00	0.3838
1332.00	0.3836
1333.00	0.3833
1334.00	0.3830
1335.00	0.3827
1336.00	0.3824
1337.00	0.3821
1338.00	0.3818
1339.00	0.3816
1340.00	0.3813
1341.00	0.3811
1342.00	0.3808
1343.00	0.3806
1344.00	0.3803
1345.00	0.3801
1346.00	0.3798
1347.00	0.3796
1348.00	0.3794
1349.00	0.3792
1350.00	0.3789
1351.00	0.3786
1352.00	0.3782
1353.00	0.3779
1354.00	0.3777
1355.00	0.3775
1356.00	0.3774
1357.00	0.3774
1358.00	0.3771
1359.00	0.3769
1360.00	0.3767
1361.00	0.3764
1362.00	0.3767
1363.00	0.3779
1364.00	0.3790
1365.00	0.3795
1366.00	0.3803
1367.00	0.3810
1368.00	0.3816
1369.00	0.3828
1370.00	0.3841
1371.00	0.3849
1372.00	0.3860
1373.00	0.3878
1374.00	0.3891
1375.00	0.3894
1376.00	0.3885
1377.00	0.3863
1378.00	0.3835
1379.00	0.3806
1380.00	0.3779
1381.00	0.3749
1382.00	0.3713
1383.00	0.3679
1384.00	0.3645
1385.00	0.3610
1386.00	0.3577
1387.00	0.3544
1388.00	0.3509
1389.00	0.3475
1390.00	0.3451
1391.00	0.3433
1392.00	0.3407
1393.00	0.3375
1394.00	0.3337
1395.00	0.3293
1396.00	0.3252
1397.00	0.3212
1398.00	0.3175
1399.00	0.3139
1400.00	0.3107
1401.00	0.3074
1402.00	0.3036
1403.00	0.2998
1404.00	0.2959
1405.00	0.2920
1406.00	0.2885
1407.00	0.2855
1408.00	0.2829
1409.00	0.2807
1410.00	0.2786
1411.00	0.2765
1412.00	0.2745
1413.00	0.2725
1414.00	0.2705
1415.00	0.2689
1416.00	0.2674
1417.00	0.2660
1418.00	0.2646
1419.00	0.2632
1420.00	0.2620
1421.00	0.2609
1422.00	0.2600
1423.00	0.2592
1424.00	0.2584
1425.00	0.2576
1426.00	0.2567
1427.00	0.2558
1428.00	0.2549
1429.00	0.2539
1430.00	0.2530
1431.00	0.2522
1432.00	0.2514
1433.00	0.2508
1434.00	0.2501
1435.00	0.2493
1436.00	0.2486
1437.00	0.2478
1438.00	0.2470
1439.00	0.2463
1440.00	0.2456
1441.00	0.2448
1442.00	0.2441
1443.00	0.2434
1444.00	0.2427
1445.00	0.2422
1446.00	0.2417
1447.00	0.2413
1448.00	0.2410
1449.00	0.2408
1450.00	0.2406
1451.00	0.2404
1452.00	0.2402
1453.00	0.2399
1454.00	0.2396
1455.00	0.2394
1456.00	0.2391
1457.00	0.2389
1458.00	0.2387
1459.00	0.2386
1460.00	0.2385
1461.00	0.2384
1462.00	0.2384
1463.00	0.2384
1464.00	0.2384
1465.00	0.2385
1466.00	0.2386
1467.00	0.2387
1468.00	0.2389
1469.00	0.2391
1470.00	0.2394
1471.00	0.2397
1472.00	0.2400
1473.00	0.2403
1474.00	0.2406
1475.00	0.2409
1476.00	0.2413
1477.00	0.2417
1478.00	0.2421
1479.00	0.2426
1480.00	0.2431
1481.00	0.2436
1482.00	0.2441
1483.00	0.2446
1484.00	0.2450
1485.00	0.2455
1486.00	0.2459
1487.00	0.2464
1488.00	0.2470
1489.00	0.2474
1490.00	0.2479
1491.00	0.2484
1492.00	0.2489
1493.00	0.2494
1494.00	0.2500
1495.00	0.2506
1496.00	0.2513
1497.00	0.2520
1498.00	0.2526
1499.00	0.2532
1500.00	0.2539
1501.00	0.2544
1502.00	0.2550
1503.00	0.2556
1504.00	0.2563
1505.00	0.2569
1506.00	0.2576
1507.00	0.2583
1508.00	0.2589
1509.00	0.2595
1510.00	0.2602
1511.00	0.2609
1512.00	0.2616
1513.00	0.2623
1514.00	0.2631
1515.00	0.2638
1516.00	0.2645
1517.00	0.2651
1518.00	0.2658
1519.00	0.2665
1520.00	0.2672
1521.00	0.2679
1522.00	0.2686
1523.00	0.2692
1524.00	0.2698
1525.00	0.2704
1526.00	0.2710
1527.00	0.2717
1528.00	0.2723
1529.00	0.2730
1530.00	0.2736
1531.00	0.2742
1532.00	0.2749
1533.00	0.2755
1534.00	0.2761
1535.00	0.2768
1536.00	0.2774
1537.00	0.2780
1538.00	0.2787
1539.00	0.2793
1540.00	0.2799
1541.00	0.2804
1542.00	0.2810
1543.00	0.2816
1544.00	0.2821
1545.00	0.2827
1546.00	0.2833
1547.00	0.2839
1548.00	0.2845
1549.00	0.2851
1550.00	0.2856
1551.00	0.2862
1552.00	0.2868
1553.00	0.2874
1554.00	0.2880
1555.00	0.2886
1556.00	0.2891
1557.00	0.2896
1558.00	0.2901
1559.00	0.2906
1560.00	0.2911
1561.00	0.2916
1562.00	0.2921
1563.00	0.2926
1564.00	0.2931
1565.00	0.2936
1566.00	0.2941
1567.00	0.2945
1568.00	0.2951
1569.00	0.2956
1570.00	0.2962
1571.00	0.2967
1572.00	0.2972
1573.00	0.2977
1574.00	0.2982
1575.00	0.2987
1576.00	0.2992
1577.00	0.2997
1578.00	0.3003
1579.00	0.3008
1580.00	0.3014
1581.00	0.3019
1582.00	0.3024
1583.00	0.3029
1584.00	0.3034
1585.00	0.3039
1586.00	0.3045
1587.00	0.3051
1588.00	0.3056
1589.00	0.3062
1590.00	0.3067
1591.00	0.3072
1592.00	0.3077
1593.00	0.3082
1594.00	0.3088
1595.00	0.3093
1596.00	0.3099
1597.00	0.3104
1598.00	0.3109
1599.00	0.3114
1600.00	0.3119
1601.00	0.3124
1602.00	0.3130
1603.00	0.3135
1604.00	0.3141
1605.00	0.3146
1606.00	0.3151
1607.00	0.3156
1608.00	0.3161
1609.00	0.3166
1610.00	0.3171
1611.00	0.3176
1612.00	0.3181
1613.00	0.3186
1614.00	0.3191
1615.00	0.3196
1616.00	0.3201
1617.00	0.3205
1618.00	0.3210
1619.00	0.3215
1620.00	0.3220
1621.00	0.3224
1622.00	0.3228
1623.00	0.3232
1624.00	0.3236
1625.00	0.3240
1626.00	0.3244
1627.00	0.3248
1628.00	0.3252
1629.00	0.3255
1630.00	0.3259
1631.00	0.3263
1632.00	0.3266
1633.00	0.3269
1634.00	0.3272
1635.00	0.3275
1636.00	0.3279
1637.00	0.3282
1638.00	0.3284
1639.00	0.3287
1640.00	0.3289
1641.00	0.3291
1642.00	0.3293
1643.00	0.3295
1644.00	0.3297
1645.00	0.3299
1646.00	0.3301
1647.00	0.3302
1648.00	0.3304
1649.00	0.3305
1650.00	0.3307
1651.00	0.3308
1652.00	0.3309
1653.00	0.3311
1654.00	0.3311
1655.00	0.3312
1656.00	0.3313
1657.00	0.3313
1658.00	0.3314
1659.00	0.3314
1660.00	0.3314
1661.00	0.3315
1662.00	0.3315
1663.00	0.3315
1664.00	0.3315
1665.00	0.3315
1666.00	0.3315
1667.00	0.3315
1668.00	0.3315
1669.00	0.3314
1670.00	0.3314
1671.00	0.3313
1672.00	0.3313
1673.00	0.3313
1674.00	0.3313
1675.00	0.3313
1676.00	0.3312
1677.00	0.3312
1678.00	0.3312
1679.00	0.3311
1680.00	0.3311
1681.00	0.3310
1682.00	0.3309
1683.00	0.3308
1684.00	0.3306
1685.00	0.3305
1686.00	0.3303
1687.00	0.3301
1688.00	0.3299
1689.00	0.3297
1690.00	0.3295
1691.00	0.3292
1692.00	0.3289
1693.00	0.3287
1694.00	0.3284
1695.00	0.3281
1696.00	0.3277
1697.00	0.3274
1698.00	0.3271
1699.00	0.3268
1700.00	0.3265
1701.00	0.3261
1702.00	0.3258
1703.00	0.3255
1704.00	0.3251
1705.00	0.3247
1706.00	0.3243
1707.00	0.3239
1708.00	0.3234
1709.00	0.3230
1710.00	0.3224
1711.00	0.3219
1712.00	0.3215
1713.00	0.3210
1714.00	0.3205
1715.00	0.3201
1716.00	0.3196
1717.00	0.3191
1718.00	0.3187
1719.00	0.3183
1720.00	0.3178
1721.00	0.3174
1722.00	0.3170
1723.00	0.3167
1724.00	0.3164
1725.00	0.3160
1726.00	0.3158
1727.00	0.3155
1728.00	0.3153
1729.00	0.3151
1730.00	0.3150
1731.00	0.3149
1732.00	0.3148
1733.00	0.3148
1734.00	0.3147
1735.00	0.3146
1736.00	0.3146
1737.00	0.3145
1738.00	0.3145
1739.00	0.3145
1740.00	0.3144
1741.00	0.3144
1742.00	0.3144
1743.00	0.3143
1744.00	0.3143
1745.00	0.3143
1746.00	0.3142
1747.00	0.3142
1748.00	0.3142
1749.00	0.3141
1750.00	0.3141
1751.00	0.3140
1752.00	0.3139
1753.00	0.3138
1754.00	0.3137
1755.00	0.3136
1756.00	0.3134
1757.00	0.3132
1758.00	0.3130
1759.00	0.3128
1760.00	0.3126
1761.00	0.3125
1762.00	0.3124
1763.00	0.3123
1764.00	0.3122
1765.00	0.3122
1766.00	0.3122
1767.00	0.3122
1768.00	0.3122
1769.00	0.3123
1770.00	0.3124
1771.00	0.3125
1772.00	0.3125
1773.00	0.3125
1774.00	0.3124
1775.00	0.3124
1776.00	0.3124
1777.00	0.3124
1778.00	0.3125
1779.00	0.3126
1780.00	0.3127
1781.00	0.3129
1782.00	0.3131
1783.00	0.3133
1784.00	0.3135
1785.00	0.3136
1786.00	0.3137
1787.00	0.3138
1788.00	0.3138
1789.00	0.3138
1790.00	0.3138
1791.00	0.3138
1792.00	0.3140
1793.00	0.3142
1794.00	0.3145
1795.00	0.3147
1796.00	0.3150
1797.00	0.3153
1798.00	0.3156
1799.00	0.3159
1800.00	0.3161
1801.00	0.3163
1802.00	0.3165
1803.00	0.3166
1804.00	0.3168
1805.00	0.3170
1806.00	0.3172
1807.00	0.3173
1808.00	0.3175
1809.00	0.3177
1810.00	0.3178
1811.00	0.3179
1812.00	0.3179
1813.00	0.3177
1814.00	0.3175
1815.00	0.3173
1816.00	0.3169
1817.00	0.3166
1818.00	0.3162
1819.00	0.3157
1820.00	0.3152
1821.00	0.3149
1822.00	0.3145
1823.00	0.3141
1824.00	0.3137
1825.00	0.3133
1826.00	0.3129
1827.00	0.3125
1828.00	0.3122
1829.00	0.3118
1830.00	0.3114
1831.00	0.3110
1832.00	0.3106
1833.00	0.3102
1834.00	0.3098
1835.00	0.3095
1836.00	0.3091
1837.00	0.3087
1838.00	0.3083
1839.00	0.3079
1840.00	0.3075
1841.00	0.3071
1842.00	0.3068
1843.00	0.3064
1844.00	0.3060
1845.00	0.3056
1846.00	0.3052
1847.00	0.3048
1848.00	0.3044
1849.00	0.3040
1850.00	0.3037
1851.00	0.3033
1852.00	0.3029
1853.00	0.3025
1854.00	0.3021
1855.00	0.3017
1856.00	0.3013
1857.00	0.3010
1858.00	0.3006
1859.00	0.3002
1860.00	0.2998
1861.00	0.2994
1862.00	0.2990
1863.00	0.2986
1864.00	0.2983
1865.00	0.2979
1866.00	0.2975
1867.00	0.2971
1868.00	0.2967
1869.00	0.2963
1870.00	0.2959
1871.00	0.2956
1872.00	0.2952
1873.00	0.2948
1874.00	0.2944
1875.00	0.2940
1876.00	0.2936
1877.00	0.2932
1878.00	0.2929
1879.00	0.2925
1880.00	0.2921
1881.00	0.2917
1882.00	0.2913
1883.00	0.2909
1884.00	0.2905
1885.00	0.2902
1886.00	0.2898
1887.00	0.2894
1888.00	0.2890
1889.00	0.2886
1890.00	0.2882
1891.00	0.2878
1892.00	0.2875
1893.00	0.2871
1894.00	0.2867
1895.00	0.2863
1896.00	0.2859
1897.00	0.2855
1898.00	0.2851
1899.00	0.2847
1900.00	0.2844
1901.00	0.2840
1902.00	0.2836
1903.00	0.2832
1904.00	0.2828
1905.00	0.2824
1906.00	0.2820
1907.00	0.2817
1908.00	0.2813
1909.00	0.2809
1910.00	0.2805
1911.00	0.2801
1912.00	0.2797
1913.00	0.2793
1914.00	0.2790
1915.00	0.2786
1916.00	0.2782
1917.00	0.2778
1918.00	0.2774
1919.00	0.2770
1920.00	0.2766
1921.00	0.2763
1922.00	0.2759
1923.00	0.2755
1924.00	0.2751
1925.00	0.2747
1926.00	0.2743
1927.00	0.2739
1928.00	0.2736
1929.00	0.2732
1930.00	0.2728
1931.00	0.2724
1932.00	0.2720
1933.00	0.2716
1934.00	0.2712
1935.00	0.2709
1936.00	0.2705
1937.00	0.2701
1938.00	0.2697
1939.00	0.2693
1940.00	0.2689
1941.00	0.2685
1942.00	0.2682
1943.00	0.2678
1944.00	0.2674
1945.00	0.2670
1946.00	0.2666
1947.00	0.2662
1948.00	0.2658
1949.00	0.2655
1950.00	0.2651
1951.00	0.2647
1952.00	0.2643
1953.00	0.2639
1954.00	0.2635
1955.00	0.2631
1956.00	0.2627
1957.00	0.2624
1958.00	0.2620
1959.00	0.2616
1960.00	0.2612
1961.00	0.2608
1962.00	0.2604
1963.00	0.2600
1964.00	0.2597
1965.00	0.2593
1966.00	0.2589
1967.00	0.2585
1968.00	0.2581
1969.00	0.2577
1970.00	0.2573
1971.00	0.2570
1972.00	0.2566
1973.00	0.2562
1974.00	0.2558
1975.00	0.2554
1976.00	0.2550
1977.00	0.2546
1978.00	0.2543
1979.00	0.2539
1980.00	0.2535
1981.00	0.2531
1982.00	0.2527
1983.00	0.2523
1984.00	0.2519
1985.00	0.2516
1986.00	0.2512
1987.00	0.2508
1988.00	0.2504
1989.00	0.2500
1990.00	0.2496
1991.00	0.2492
1992.00	0.2489
1993.00	0.2485
1994.00	0.2481
1995.00	0.2477
1996.00	0.2473
1997.00	0.2469
1998.00	0.2465
1999.00	0.2462
2000.00	0.2458
2001.00	0.2454
2002.00	0.2450
2003.00	0.2446
2004.00	0.2442
2005.00	0.2438
2006.00	0.2433
2007.00	0.2429
2008.00	0.2427
2009.00	0.2426
2010.00	0.2423
2011.00	0.2421
2012.00	0.2416
2013.00	0.2410
2014.00	0.2404
2015.00	0.2397
2016.00	0.2390
2017.00	0.2385
2018.00	0.2378
2019.00	0.2371
2020.00	0.2364
2021.00	0.2355
2022.00	0.2343
2023.00	0.2330
2024.00	0.2316
2025.00	0.2305
2026.00	0.2297
2027.00	0.2290
2028.00	0.2284
2029.00	0.2280
2030.00	0.2275
2031.00	0.2272
2032.00	0.2272
2033.00	0.2273
2034.00	0.2278
2035.00	0.2286
2036.00	0.2294
2037.00	0.2303
2038.00	0.2311
2039.00	0.2314
2040.00	0.2314
2041.00	0.2311
2042.00	0.2307
2043.00	0.2303
2044.00	0.2300
2045.00	0.2298
2046.00	0.2296
2047.00	0.2293
2048.00	0.2290
2049.00	0.2285
2050.00	0.2278
2051.00	0.2272
2052.00	0.2267
2053.00	0.2263
2054.00	0.2261
2055.00	0.2261
2056.00	0.2262
2057.00	0.2264
2058.00	0.2269
2059.00	0.2274
2060.00	0.2280
2061.00	0.2286
2062.00	0.2293
2063.00	0.2299
2064.00	0.2302
2065.00	0.2302
2066.00	0.2298
2067.00	0.2290
2068.00	0.2280
2069.00	0.2269
2070.00	0.2258
2071.00	0.2248
2072.00	0.2241
2073.00	0.2236
2074.00	0.2233
2075.00	0.2233
2076.00	0.2235
2077.00	0.2238
2078.00	0.2241
2079.00	0.2244
2080.00	0.2248
2081.00	0.2250
2082.00	0.2251
2083.00	0.2251
2084.00	0.2252
2085.00	0.2252
2086.00	0.2250
2087.00	0.2249
2088.00	0.2247
2089.00	0.2244
2090.00	0.2242
2091.00	0.2240
2092.00	0.2240
2093.00	0.2239
2094.00	0.2239
2095.00	0.2240
2096.00	0.2242
2097.00	0.2244
2098.00	0.2248
2099.00	0.2253
2100.00	0.2258
2101.00	0.2261
2102.00	0.2263
2103.00	0.2263
2104.00	0.2261
2105.00	0.2259
2106.00	0.2257
2107.00	0.2255
2108.00	0.2254
2109.00	0.2253
2110.00	0.2253
2111.00	0.2253
2112.00	0.2253
2113.00	0.2255
2114.00	0.2258
2115.00	0.2262
2116.00	0.2267
2117.00	0.2271
2118.00	0.2274
2119.00	0.2276
2120.00	0.2277
2121.00	0.2278
2122.00	0.2280
2123.00	0.2282
2124.00	0.2285
2125.00	0.2289
2126.00	0.2292
2127.00	0.2295
2128.00	0.2297
2129.00	0.2299
2130.00	0.2300
2131.00	0.2302
2132.00	0.2303
2133.00	0.2303
2134.00	0.2303
2135.00	0.2303
2136.00	0.2302
2137.00	0.2303
2138.00	0.2305
2139.00	0.2309
2140.00	0.2313
2141.00	0.2318
2142.00	0.2322
2143.00	0.2325
2144.00	0.2328
2145.00	0.2331
2146.00	0.2335
2147.00	0.2339
2148.00	0.2345
2149.00	0.2350
2150.00	0.2354
2151.00	0.2357
2152.00	0.2359
2153.00	0.2362
2154.00	0.2363
2155.00	0.2365
2156.00	0.2367
2157.00	0.2368
2158.00	0.2367
2159.00	0.2365
2160.00	0.2362
2161.00	0.2358
2162.00	0.2355
2163.00	0.2353
2164.00	0.2353
2165.00	0.2356
2166.00	0.2359
2167.00	0.2362
2168.00	0.2365
2169.00	0.2367
2170.00	0.2368
2171.00	0.2369
2172.00	0.2371
2173.00	0.2374
2174.00	0.2378
2175.00	0.2382
2176.00	0.2388
2177.00	0.2392
2178.00	0.2396
2179.00	0.2399
2180.00	0.2401
2181.00	0.2402
2182.00	0.2404
2183.00	0.2405
2184.00	0.2406
2185.00	0.2405
2186.00	0.2403
2187.00	0.2400
2188.00	0.2396
2189.00	0.2392
2190.00	0.2389
2191.00	0.2387
2192.00	0.2386
2193.00	0.2387
2194.00	0.2388
2195.00	0.2389
2196.00	0.2390
2197.00	0.2391
2198.00	0.2391
2199.00	0.2392
2200.00	0.2394
2201.00	0.2395
2202.00	0.2396
2203.00	0.2396
2204.00	0.2396
2205.00	0.2397
2206.00	0.2398
2207.00	0.2401
2208.00	0.2404
2209.00	0.2408
2210.00	0.2412
2211.00	0.2415
2212.00	0.2420
2213.00	0.2425
2214.00	0.2428
2215.00	0.2431
2216.00	0.2433
2217.00	0.2433
2218.00	0.2432
2219.00	0.2429
2220.00	0.2425
2221.00	0.2421
2222.00	0.2418
2223.00	0.2414
2224.00	0.2411
2225.00	0.2409
2226.00	0.2406
2227.00	0.2404
2228.00	0.2401
2229.00	0.2398
2230.00	0.2397
2231.00	0.2394
2232.00	0.2391
2233.00	0.2387
2234.00	0.2384
2235.00	0.2380
2236.00	0.2376
2237.00	0.2372
2238.00	0.2367
2239.00	0.2362
2240.00	0.2357
2241.00	0.2352
2242.00	0.2346
2243.00	0.2340
2244.00	0.2334
2245.00	0.2327
2246.00	0.2320
2247.00	0.2313
2248.00	0.2306
2249.00	0.2299
2250.00	0.2292
2251.00	0.2284
2252.00	0.2277
2253.00	0.2269
2254.00	0.2262
2255.00	0.2254
2256.00	0.2246
2257.00	0.2239
2258.00	0.2231
2259.00	0.2224
2260.00	0.2216
2261.00	0.2209
2262.00	0.2202
2263.00	0.2195
2264.00	0.2187
2265.00	0.2180
2266.00	0.2173
2267.00	0.2166
2268.00	0.2158
2269.00	0.2151
2270.00	0.2144
2271.00	0.2137
2272.00	0.2130
2273.00	0.2124
2274.00	0.2117
2275.00	0.2111
2276.00	0.2105
2277.00	0.2099
2278.00	0.2094
2279.00	0.2089
2280.00	0.2084
2281.00	0.2080
2282.00	0.2075
2283.00	0.2071
2284.00	0.2067
2285.00	0.2063
2286.00	0.2059
2287.00	0.2055
2288.00	0.2050
2289.00	0.2046
2290.00	0.2042
2291.00	0.2037
2292.00	0.2033
2293.00	0.2029
2294.00	0.2025
2295.00	0.2022
2296.00	0.2018
2297.00	0.2014
2298.00	0.2010
2299.00	0.2007
2300.00	0.2004
2301.00	0.2000
2302.00	0.1997
2303.00	0.1994
2304.00	0.1991
2305.00	0.1988
2306.00	0.1986
2307.00	0.1983
2308.00	0.1981
2309.00	0.1979
2310.00	0.1977
2311.00	0.1975
2312.00	0.1973
2313.00	0.1971
2314.00	0.1970
2315.00	0.1968
2316.00	0.1966
2317.00	0.1965
2318.00	0.1963
2319.00	0.1962
2320.00	0.1960
2321.00	0.1959
2322.00	0.1958
2323.00	0.1957
2324.00	0.1957
2325.00	0.1957
2326.00	0.1956
2327.00	0.1956
2328.00	0.1956
2329.00	0.1956
2330.00	0.1956
2331.00	0.1956
2332.00	0.1956
2333.00	0.1956
2334.00	0.1956
2335.00	0.1956
2336.00	0.1956
2337.00	0.1957
2338.00	0.1957
2339.00	0.1957
2340.00	0.1957
2341.00	0.1957
2342.00	0.1957
2343.00	0.1957
2344.00	0.1957
2345.00	0.1957
2346.00	0.1958
2347.00	0.1958
2348.00	0.1959
2349.00	0.1959
2350.00	0.1960
2351.00	0.1960
2352.00	0.1960
2353.00	0.1960
2354.00	0.1959
2355.00	0.1959
2356.00	0.1959
2357.00	0.1959
2358.00	0.1959
2359.00	0.1959
2360.00	0.1959
2361.00	0.1960
2362.00	0.1961
2363.00	0.1962
2364.00	0.1964
2365.00	0.1965
2366.00	0.1967
2367.00	0.1968
2368.00	0.1969
2369.00	0.1969
2370.00	0.1969
2371.00	0.1968
2372.00	0.1967
2373.00	0.1965
2374.00	0.1963
2375.00	0.1961
2376.00	0.1958
2377.00	0.1955
2378.00	0.1953
2379.00	0.1950
2380.00	0.1948
2381.00	0.1947
2382.00	0.1947
2383.00	0.1946
2384.00	0.1946
2385.00	0.1946
2386.00	0.1946
2387.00	0.1946
2388.00	0.1946
2389.00	0.1946
2390.00	0.1945
2391.00	0.1943
2392.00	0.1940
2393.00	0.1937
2394.00	0.1934
2395.00	0.1930
2396.00	0.1926
2397.00	0.1922
2398.00	0.1918
2399.00	0.1913
2400.00	0.1907
2401.00	0.1901
2402.00	0.1895
2403.00	0.1889
2404.00	0.1884
2405.00	0.1880
2406.00	0.1876
2407.00	0.1873
2408.00	0.1869
2409.00	0.1867
2410.00	0.1865
2411.00	0.1863
2412.00	0.1862
2413.00	0.1862
2414.00	0.1861
2415.00	0.1860
2416.00	0.1859
2417.00	0.1857
2418.00	0.1856
2419.00	0.1856
2420.00	0.1857
2421.00	0.1859
2422.00	0.1860
2423.00	0.1860
2424.00	0.1859
2425.00	0.1857
2426.00	0.1855
2427.00	0.1850
2428.00	0.1844
2429.00	0.1836
2430.00	0.1826
2431.00	0.1814
2432.00	0.1800
2433.00	0.1786
2434.00	0.1772
2435.00	0.1758
2436.00	0.1745
2437.00	0.1733
2438.00	0.1722
2439.00	0.1710
2440.00	0.1698
2441.00	0.1686
2442.00	0.1675
2443.00	0.1664
2444.00	0.1655
2445.00	0.1646
2446.00	0.1638
2447.00	0.1631
2448.00	0.1627
2449.00	0.1626
2450.00	0.1628
2451.00	0.1633
2452.00	0.1640
2453.00	0.1649
2454.00	0.1660
2455.00	0.1674
2456.00	0.1691
2457.00	0.1709
2458.00	0.1728
2459.00	0.1748
2460.00	0.1770
2461.00	0.1793
2462.00	0.1818
2463.00	0.1846
2464.00	0.1875
2465.00	0.1906
2466.00	0.1939
2467.00	0.1973
2468.00	0.2006
2469.00	0.2039
2470.00	0.2071
2471.00	0.2102
2472.00	0.2131
2473.00	0.2159
2474.00	0.2184
2475.00	0.2207
2476.00	0.2228
2477.00	0.2247
2478.00	0.2265
2479.00	0.2283
2480.00	0.2300
2481.00	0.2317
2482.00	0.2333
2483.00	0.2348
2484.00	0.2362
2485.00	0.2376
2486.00	0.2388
2487.00	0.2399
2488.00	0.2409
2489.00	0.2417
2490.00	0.2423
2491.00	0.2427
2492.00	0.2430
2493.00	0.2433
2494.00	0.2435
2495.00	0.2436
2496.00	0.2438
2497.00	0.2438
2498.00	0.2439
2499.00	0.2440
2500.00	0.2440
